2 0.4012425595238095 0.5990806878306878 0.1446626984126984 0.06892195767195766
2 0.5261111111111112 0.6688293650793651 0.23642609126984127 0.07609126984126983
3 0.5089632936507936 0.6299570105820106 0.03671626984126984 0.03473875661375661
4 0.373546626984127 0.5138921957671958 0.02558531746031746 0.02205687830687831
2 0.8135466269841269 0.666901455026455 0.10000992063492063 0.041352513227513224
2 0.12692460317460316 0.7657572751322752 0.02400545634920635 0.012632275132275134
1 0.665515873015873 0.5427347883597884 0.020337301587301588 0.0077744708994709
2 0.6378249007936508 0.5842791005291005 0.01670138888888889 0.018948412698412697
2 0.8730084325396825 0.5214550264550265 0.07492311507936507 0.04750330687830688
1 0.6238690476190476 0.37248677248677253 0.017051091269841268 0.011868386243386243
2 0.4251860119047619 0.48563492063492064 0.11998263888888888 0.04140542328042328
1 0.9917063492063491 0.505244708994709 0.01658482142857143 0.014272486772486772