1 0.5588671875000001 0.027953703703703706 0.03297395833333334 0.030842592592592595
4 0.6415390625 0.4318194444444445 0.053010416666666664 0.06939814814814815
4 0.5613046875 0.6964074074074074 0.055197916666666666 0.09927777777777777
4 0.8177291666666666 0.7349629629629629 0.03236979166666667 0.08385648148148148
4 0.8442942708333334 0.16578703703703704 0.028026041666666668 0.028916666666666667
4 0.7515911458333334 0.2766342592592593 0.019375 0.061689814814814815
4 0.65509375 0.34025000000000005 0.033492187500000006 0.04241203703703704
4 0.7526744791666666 0.01686574074074074 0.010700520833333334 0.022171296296296297
4 0.799296875 0.1947037037037037 0.030205729166666664 0.03277314814814815
4 0.8369739583333333 0.130125 0.013390625 0.04048148148148148
0 0.8405026041666667 0.05301388888888889 0.0251015625 0.01735185185185185
0 0.5569531249999999 0.15952314814814814 0.017221354166666664 0.03566203703703704
0 0.5252395833333333 0.14747222222222223 0.023192708333333333 0.04048148148148148
0 0.4935260416666667 0.3527824074074074 0.026994791666666667 0.05205092592592593
0 0.468859375 0.37928703703703703 0.022122395833333332 0.0587962962962963
0 0.2555338541666667 0.41447222222222224 0.02705208333333333 0.057833333333333334
2 0.30893229166666664 0.2867546296296296 0.049265625 0.03373611111111111
4 0.32465364583333334 0.31374537037037037 0.041671875000000004 0.03373611111111111
2 0.4935260416666667 0.24289814814814814 0.028078125 0.05975925925925926