0 0.5300807291666667 0.1264861111111111 0.013885416666666667 0.008680555555555556
1 0.5082942708333333 0.11587499999999999 0.03359635416666666 0.01125
4 0.4583984375 0.21407407407407406 0.009020833333333334 0.012856481481481481
1 0.4209765625 0.4106296296296296 0.0412109375 0.049824074074074076
1 0.4488125 0.6788101851851852 0.053802083333333334 0.039532407407407405
0 0.40504166666666663 0.7492268518518518 0.0301875 0.05806018518518519
0 0.581171875 0.7547824074074073 0.02458854166666667 0.039532407407407405
2 0.6112213541666667 0.7693009259259259 0.03813020833333333 0.06114814814814815
0 0.6062135416666667 0.5685601851851851 0.025335937500000003 0.03397222222222222
4 0.7750468749999999 0.6361944444444445 0.028075520833333333 0.025939814814814815
4 0.8408776041666666 0.750462962962963 0.0291015625 0.017296296296296296
4 0.8530364583333333 0.6738703703703703 0.015203125000000001 0.03212037037037037
0 0.28342708333333333 0.6856064814814815 0.0385 0.038296296296296294
4 0.2615390625 0.6800462962962963 0.043369791666666664 0.023472222222222224
2 0.32928125 0.7544768518518519 0.050994791666666664 0.08832407407407407