2 0.15083829365079363 0.6082308201058201 0.14406498015873015 0.07012896825396825
2 0.13266617063492062 0.70130291005291 0.06746279761904762 0.04502314814814815
2 0.2332986111111111 0.7610449735449736 0.07911458333333334 0.0727281746031746
4 0.6815873015873015 0.7182771164021164 0.05261656746031746 0.04111111111111111
4 0.7926339285714286 0.8049702380952382 0.047693452380952385 0.030982142857142857
2 0.6784747023809524 0.7978207671957672 0.09196924603174603 0.05839285714285715
2 0.8196602182539682 0.716193783068783 0.08833829365079365 0.06077380952380952
2 0.7218154761904763 0.7436011904761906 0.05263640873015873 0.03336640211640212
2 0.6746775793650794 0.8812367724867726 0.10670882936507936 0.08699074074074074
2 0.6472023809523809 0.7391335978835979 0.04819692460317461 0.048263888888888884
2 0.5918005952380953 0.812420634920635 0.0535813492063492 0.05421957671957672
2 0.7453373015873015 0.7716137566137566 0.02335813492063492 0.03036375661375661
2 0.9921205357142857 0.515406746031746 0.01575892857142857 0.012979497354497355
2 0.9471478174603175 0.6540575396825397 0.03852430555555556 0.028736772486772488
1 0.6550223214285714 0.6512433862433862 0.03101686507936508 0.01253637566137566
2 0.27376488095238094 0.5672387566137566 0.02767361111111111 0.022919973544973545
2 0.47806795634920635 0.8808068783068783 0.08702876984126984 0.06146494708994709
2 0.511267361111111 0.7820998677248677 0.07607886904761904 0.08594576719576719
2 0.43608382936507933 0.7419940476190476 0.06243799603174603 0.08594576719576719
2 0.42943700396825396 0.8302810846560846 0.053836805555555554 0.04479497354497355
2 0.3295287698412699 0.9271164021164021 0.02856894841269841 0.040595238095238094
2 0.3898561507936508 0.9861805555555556 0.061919642857142854 0.02763888888888889
2 0.6417361111111111 0.6735515873015873 0.0564905753968254 0.04327711640211641
2 0.21472718253968254 0.9692559523809524 0.03868055555555556 0.06148809523809524
2 0.7731770833333332 0.7746197089947089 0.024553571428571428 0.03431547619047619
2 0.40953125 0.9391236772486772 0.0587078373015873 0.08549603174603175