0 0.44789062500000004 0.051458333333333335 0.006921874999999999 0.01514351851851852
0 0.4167734375 0.3184953703703704 0.032656250000000005 0.02688888888888889
0 0.38183333333333336 0.33240740740740743 0.029533854166666665 0.028745370370370373
0 0.7000598958333334 0.28403703703703703 0.022390625 0.018546296296296297
0 0.7335234375 0.32761574074074074 0.017341145833333335 0.03028703703703704
0 0.673203125 0.35867592592592595 0.01353125 0.02688888888888889
0 0.6575598958333334 0.4217268518518518 0.017359375 0.031217592592592595
0 0.6342656249999999 0.40859259259259256 0.029184895833333332 0.03461574074074074
0 0.6215755208333333 0.38355555555555554 0.019453125 0.035236111111111114
0 0.5776822916666667 0.3504861111111111 0.014421875 0.018546296296296297
0 0.7828046875 0.2684259259259259 0.025500000000000002 0.023180555555555555
0 0.8094010416666666 0.26966203703703706 0.02340625 0.019472222222222224
4 0.8142760416666667 0.17833333333333332 0.020989583333333332 0.016689814814814814
4 0.7345729166666667 0.38819444444444445 0.04899739583333333 0.045125
4 0.6941588541666667 0.30768055555555557 0.019627604166666666 0.01761574074074074
1 0.7561302083333333 0.26796296296296296 0.030216145833333333 0.024106481481481482
2 0.6044296875 0.33971296296296294 0.030010416666666664 0.04394907407407408
4 0.5738645833333333 0.49918055555555557 0.03235416666666666 0.03741666666666666
4 0.5863906249999999 0.5535231481481481 0.0527265625 0.0582037037037037
4 0.6054296874999999 0.681212962962963 0.0413671875 0.06532870370370371
4 0.4257213541666667 0.7049675925925926 0.0320546875 0.08077314814814815
4 0.4148645833333333 0.5953935185185185 0.03038802083333333 0.03622685185185185
4 0.3944921875 0.6087546296296297 0.03440885416666666 0.04513888888888889
4 0.4868151041666666 0.8317685185185185 0.03865364583333333 0.05285648148148148
4 0.3513645833333333 0.6728981481481482 0.03367447916666667 0.06414351851851853
4 0.2454765625 0.5143240740740741 0.028354166666666666 0.05701388888888889
2 0.29223958333333333 0.48581481481481475 0.04638020833333333 0.04988888888888889
4 0.33983854166666666 0.4674027777777778 0.034679687499999994 0.04513888888888889
1 0.28221875 0.31774074074074077 0.0463828125 0.039199074074074074
1 0.21491145833333333 0.2589444444444445 0.045398437500000006 0.03682407407407408
4 0.23478645833333334 0.3382314814814815 0.031697916666666666 0.01841203703703704
0 0.3024296875 0.1757962962962963 0.015981770833333332 0.013064814814814814
4 0.44105208333333334 0.14758796296296298 0.01728645833333333 0.01841203703703704