2 0.7571974206349207 0.7722519841269841 0.11331845238095238 0.07747354497354497
2 0.7599107142857143 0.9397949735449735 0.1666939484126984 0.12041005291005291
2 0.8844320436507938 0.7463988095238095 0.053633432539682536 0.06682539682539683
2 0.5176488095238095 0.684970238095238 0.07238095238095238 0.04197420634920635
2 0.2979885912698413 0.7672883597883599 0.04311507936507936 0.043296957671957674
2 0.12100694444444444 0.9127414021164022 0.08101438492063491 0.03935185185185185
2 0.4926438492063492 0.5596891534391535 0.06177579365079365 0.05125661375661376
2 0.7021304563492063 0.2698048941798942 0.0514360119047619 0.04381944444444444
2 0.7500148809523809 0.4519675925925926 0.02701388888888889 0.042566137566137564
4 0.4594295634920635 0.41378306878306875 0.04492063492063492 0.023786375661375665
2 0.4523015873015873 0.6994014550264549 0.06462053571428572 0.09598214285714286