2 0.5200625 0.5287407407407407 0.04875260416666667 0.06391666666666666
1 0.28609375 0.8018564814814815 0.0391484375 0.057041666666666664
2 0.03631770833333334 0.3024444444444444 0.0408984375 0.028078703703703703
4 0.14985677083333335 0.29362962962962963 0.0190078125 0.07032407407407408
0 0.3703359375 0.34581481481481485 0.0172421875 0.03193981481481481
3 0.4869895833333333 0.4053935185185185 0.05801302083333334 0.039074074074074074
1 0.264578125 0.3454351851851852 0.0273203125 0.03505092592592592
4 0.2283072916666667 0.3272083333333333 0.0166484375 0.020069444444444445
4 0.33379947916666663 0.08959722222222222 0.019643229166666668 0.015662037037037037
1 0.6265963541666667 0.4295925925925926 0.04604427083333333 0.03151388888888888
3 0.5920755208333334 0.43549074074074073 0.023947916666666666 0.01902314814814815