2 0.48894791666666665 0.4452175925925926 0.03629947916666666 0.03549537037037037
2 0.6052604166666666 0.49228240740740736 0.052257812499999994 0.05555555555555555
1 0.2789036458333333 0.44598611111111114 0.05718229166666667 0.05864351851851852
1 0.6412734375 0.4050925925925926 0.04060416666666666 0.06327314814814815
1 0.6568958333333333 0.4861111111111111 0.038864583333333334 0.037037037037037035
4 0.6581979166666667 0.5748472222222223 0.04841145833333334 0.038578703703703705
4 0.6625416666666666 0.6234583333333333 0.02276041666666667 0.07407407407407407
4 0.6929244791666667 0.8418194444444445 0.07831770833333333 0.04475462962962963
4 0.6707890625 0.7476851851851852 0.04793489583333333 0.04475462962962963
4 0.4954635416666667 0.9120370370370371 0.04789322916666667 0.046296296296296294
4 0.5349505208333334 0.8140416666666667 0.04670572916666667 0.07561574074074075
4 0.43426822916666663 0.6612638888888889 0.029369791666666666 0.041666666666666664
4 0.5670651041666667 0.5092592592592593 0.0449609375 0.05246759259259259
0 0.8018463541666667 0.45987500000000003 0.019734375000000002 0.033949074074074076
0 0.8517526041666666 0.6118842592592593 0.0240625 0.04475462962962963
0 0.9832291666666666 0.625 0.03354166666666667 0.04938425925925926
4 0.9897395833333333 0.5123472222222223 0.020520833333333332 0.043208333333333335
4 0.8543567708333334 0.3927453703703704 0.025799479166666663 0.032407407407407406
0 0.7245963541666666 0.7708333333333334 0.04405729166666667 0.03549537037037037
0 0.6651432291666667 0.7700601851851852 0.03278645833333334 0.05555555555555555
0 0.6273854166666666 0.721449074074074 0.03887239583333334 0.05401388888888889
0 0.6221796875 0.6728379629629629 0.028458333333333332 0.05864351851851852
0 0.661671875 0.528550925925926 0.02584375 0.038578703703703705