0 0.245921875 0.5293194444444445 0.03809375 0.033949074074074076
3 0.35770572916666665 0.23306481481481484 0.035328125 0.036083333333333335
3 0.3336276041666667 0.7377407407407407 0.04177083333333333 0.08573611111111111
3 0.6449270833333334 0.5825694444444444 0.0341640625 0.05580092592592593
3 0.18329427083333333 0.34862037037037036 0.03276822916666667 0.013342592592592593
4 0.43382552083333337 0.5798703703703704 0.03383072916666666 0.026768518518518518
1 0.2681927083333333 0.7497083333333333 0.068453125 0.04468518518518518
1 0.017046875 0.9670601851851851 0.03409635416666667 0.06587962962962964
1 0.4964765625 0.7374907407407407 0.04599739583333333 0.0588287037037037
2 0.4811380208333333 0.2308101851851852 0.034708333333333334 0.050875000000000004
3 0.45314062499999996 0.25878240740740743 0.012565104166666667 0.0205