2 0.18558283730158728 0.8904662698412699 0.07198164682539683 0.05585648148148148
2 0.12736111111111112 0.4098445767195767 0.08020833333333333 0.027447089947089946
2 0.1847718253968254 0.3035681216931217 0.0846279761904762 0.05802579365079365
2 0.29196428571428573 0.26536044973544975 0.13216765873015873 0.03701719576719577
4 0.4110887896825397 0.24801256613756614 0.019365079365079366 0.018353174603174604
2 0.41753968253968254 0.5377645502645503 0.08436507936507937 0.03436507936507936
1 0.4299776785714286 0.5218915343915345 0.029851190476190476 0.0166765873015873
2 0.3883506944444444 0.4528273809523809 0.048315972222222225 0.043713624338624336
2 0.28532738095238097 0.3331382275132275 0.03490575396825397 0.014173280423280423
2 0.25524057539682543 0.36832671957671953 0.05248015873015873 0.04
1 0.36618799603174607 0.34263558201058203 0.013459821428571429 0.011078042328042327
2 0.01812251984126984 0.5119047619047619 0.03624503968253968 0.037037037037037035