2 0.9399950396825397 0.42234126984126985 0.12001240079365079 0.07324404761904763
2 0.8542460317460318 0.463098544973545 0.06812996031746031 0.05316137566137566
2 0.7406374007936508 0.5313227513227513 0.041155753968253966 0.046663359788359796
2 0.3997519841269841 0.5946064814814814 0.06560019841269842 0.029322089947089947
2 0.39823164682539686 0.7233002645502646 0.021624503968253966 0.02525132275132275
2 0.38280753968253967 0.7843915343915344 0.031098710317460317 0.04805555555555555
2 0.32019345238095237 0.6163955026455027 0.027437996031746032 0.03135912698412698
2 0.2956076388888889 0.7365376984126984 0.043630952380952374 0.07941798941798942
2 0.08835069444444445 0.9317195767195767 0.17669890873015875 0.1350033068783069
2 0.2751140873015873 0.9431349206349207 0.08113839285714285 0.08978835978835978
2 0.16256448412698413 0.85557208994709 0.15941964285714286 0.056534391534391534
2 0.020225694444444445 0.757337962962963 0.04045386904761905 0.07276785714285715
2 0.5330977182539682 0.5523148148148148 0.029652777777777778 0.02564814814814815