2 0.19397916666666667 0.492587962962963 0.042393229166666664 0.04468055555555556
0 0.2273515625 0.5006435185185185 0.02352864583333333 0.0241712962962963
0 0.34496614583333335 0.6654537037037037 0.03205989583333333 0.02270833333333333
0 0.495953125 0.4834305555555556 0.023372395833333334 0.03808796296296296
0 0.5602213541666666 0.550087962962963 0.026903645833333333 0.03515740740740741
0 0.5859687499999999 0.4471759259259259 0.020466145833333334 0.037356481481481484
4 0.5223177083333334 0.5017453703703704 0.03407552083333333 0.032226851851851854
4 0.5093411458333333 0.5779212962962963 0.03861197916666667 0.03076388888888889
2 0.6451197916666668 0.635787037037037 0.052247395833333335 0.05713425925925926
4 0.6063984375 0.46182407407407405 0.01942708333333333 0.02563425925925926
1 0.8020807291666666 0.4490046296296296 0.0398515625 0.02783333333333333
1 0.7961041666666666 0.23146296296296295 0.058390625 0.024902777777777777
0 0.9658697916666666 0.318625 0.01639322916666667 0.02783333333333333
4 0.9574244791666667 0.5072361111111111 0.02257552083333333 0.02563425925925926