2 0.6262946428571428 0.8835019841269841 0.13627728174603176 0.14221891534391534
2 0.4250347222222222 0.8620337301587302 0.14230406746031746 0.14087632275132275
2 0.5178521825396826 0.7798544973544974 0.14781498015873015 0.14691468253968254
2 0.6036309523809524 0.6899636243386242 0.06478918650793651 0.05031415343915344
2 0.6783382936507937 0.777172619047619 0.048169642857142855 0.06104828042328043
4 0.727641369047619 0.7865641534391535 0.03306547619047619 0.03823743386243386
4 0.5774727182539682 0.6252248677248677 0.04869543650793651 0.04025132275132275
1 0.5040228174603175 0.682582671957672 0.06883680555555556 0.03958002645502645
2 0.5276686507936508 0.8835019841269841 0.026572420634920636 0.032199074074074074
4 0.47710317460317464 0.9655654761904762 0.1307217261904762 0.06886904761904762
4 0.7435243055555555 0.9307969576719577 0.10608878968253968 0.13752314814814814
4 0.9476512896825396 0.5821362433862434 0.09453125 0.11027777777777778
4 0.725999503968254 0.7873148148148149 0.035344742063492064 0.03923280423280423
2 0.7470709325396826 0.5219609788359789 0.0687375992063492 0.0652116402116402
4 0.8251959325396826 0.5781580687830687 0.07945436507936508 0.08641865079365078
2 0.7432911706349206 0.7340310846560847 0.08344742063492062 0.05460978835978836