2 0.5483020833333333 0.5214629629629629 0.0346171875 0.04433796296296296
2 0.509 0.4385694444444444 0.03625520833333333 0.03855555555555556
1 0.2856432291666666 0.41687962962962966 0.0720859375 0.054939814814814816
1 0.6214895833333334 0.44290277777777776 0.042190104166666666 0.07229166666666667
1 0.9875208333333333 0.4110972222222222 0.024955729166666666 0.043375
1 0.5366484375 0.4872453703703704 0.0395 0.037592592592592594
4 0.7749088541666667 0.4029027777777778 0.02480729166666667 0.03855555555555556
4 0.8535182291666668 0.5547175925925926 0.034546875 0.043375
4 0.41927864583333335 0.6298981481481482 0.020554687500000002 0.045300925925925925
4 0.5111692708333334 0.49784722222222216 0.025411458333333335 0.03373611111111111
0 0.6412760416666666 0.6265231481481481 0.026463541666666666 0.05397685185185185
0 0.69684375 0.4761574074074074 0.020486979166666665 0.03662962962962963
0 0.5745989583333333 0.5407407407407407 0.03748958333333333 0.02699074074074074
0 0.8133984375 0.6453194444444444 0.045398437500000006 0.041449074074074076
0 0.9069166666666667 0.6192962962962963 0.038328125000000005 0.039518518518518515
0 0.9869791666666666 0.6732731481481481 0.026041666666666668 0.05301388888888889
0 0.6279947916666667 0.7436388888888888 0.025924479166666667 0.060726851851851844
0 0.5943828124999999 0.7595416666666667 0.027018229166666668 0.05397685185185185
0 0.5022213541666667 0.7099027777777778 0.04438802083333333 0.04723148148148148
4 0.6347786458333334 0.8091805555555556 0.07653645833333332 0.06650925925925925
4 0.6472447916666667 0.7470092592592592 0.025580729166666667 0.08289351851851852