0 0.2919244791666667 0.46296296296296297 0.031140624999999998 0.018518518518518517
1 0.3079661458333333 0.5131805555555555 0.048466145833333335 0.041101851851851855
1 0.2938046875 0.5635416666666667 0.0435859375 0.03762962962962963
1 0.41931770833333337 0.5875694444444445 0.046486979166666664 0.05788888888888889
1 0.15917708333333333 0.48626388888888883 0.031572916666666666 0.025472222222222222
4 0.21517708333333332 0.3872731481481481 0.038721354166666666 0.01620833333333333
4 0.3099192708333333 0.3455925925925926 0.041958333333333334 0.03241666666666666
4 0.22347916666666665 0.3615138888888889 0.02471875 0.020259259259259258
3 0.37780729166666666 0.4422685185185185 0.019473958333333333 0.01620833333333333
3 0.432828125 0.5166527777777777 0.050065104166666666 0.021416666666666667
3 0.32245572916666665 0.47815740740740736 0.06311458333333334 0.03936574074074074
2 0.3731041666666667 0.4966805555555555 0.0361171875 0.03473148148148148
3 0.5220572916666667 0.6807685185185185 0.03380208333333334 0.028944444444444446
3 0.4965 0.4743935185185185 0.04390104166666667 0.03299537037037037
2 0.498453125 0.3678796296296296 0.025015625 0.022578703703703705
2 0.5573828125 0.5418333333333333 0.04193489583333333 0.05210185185185186
2 0.6044296875 0.5560185185185185 0.03247916666666666 0.016787037037037038
0 0.75928125 0.5282314814814815 0.015255208333333332 0.020259259259259258