4 0.47132031249999995 0.5678148148148148 0.039859375 0.03125462962962963
4 0.41235677083333333 0.5821435185185185 0.027421875 0.02083796296296296
4 0.3175 0.7569814814814815 0.0340390625 0.014976851851851852
4 0.5496953125 0.7371203703703704 0.03251822916666667 0.02213888888888889
4 0.3993541666666667 0.684699074074074 0.026328124999999997 0.020185185185185184
4 0.43652864583333334 0.3301388888888889 0.013500000000000002 0.011722222222222222
1 0.9650494791666666 0.21586111111111111 0.012721354166666667 0.009768518518518518
1 0.9564427083333332 0.308 0.019679687499999998 0.014324074074074074
0 0.7033723958333333 0.26925925925925925 0.01021875 0.008462962962962964
4 0.061161458333333335 0.47914351851851855 0.017023437500000002 0.014416666666666666
0 0.46165364583333335 0.5330138888888889 0.01991666666666667 0.02048611111111111
2 0.3765208333333333 0.49166203703703704 0.026338541666666666 0.018208333333333333
0 0.29780989583333334 0.7029675925925927 0.0234140625 0.032625