2 0.2165079365079365 0.3828505291005291 0.2117485119047619 0.06321428571428571
2 0.3292931547619048 0.5910978835978836 0.06950892857142857 0.06882275132275133
4 0.38893353174603174 0.6331547619047619 0.019032738095238096 0.012235449735449735
4 0.3724950396825397 0.8533829365079365 0.03432787698412698 0.08972222222222222
4 0.0894047619047619 0.9089484126984126 0.04701140873015873 0.11215277777777777
4 0.40040178571428575 0.7715608465608464 0.03279265873015873 0.0310978835978836
2 0.3543353174603175 0.4269444444444444 0.036242559523809524 0.018862433862433862
2 0.46122271825396827 0.3915145502645503 0.0359077380952381 0.01529431216931217
4 0.4839707341269841 0.4065542328042328 0.024816468253968254 0.020902777777777777
2 0.567688492063492 0.43714285714285717 0.09743303571428572 0.041292989417989416
2 0.5818303571428571 0.557959656084656 0.1333655753968254 0.08717261904761905
2 0.669000496031746 0.5872751322751323 0.03318452380952381 0.041802248677248674
4 0.704935515873016 0.5658630952380953 0.0622296626984127 0.0438425925925926
4 0.6791319444444445 0.44096560846560845 0.03279761904761905 0.01937169312169312
2 0.6749231150793651 0.7710515873015873 0.06949900793650794 0.051488095238095236
2 0.7536755952380952 0.7822652116402117 0.07253968253968254 0.049447751322751324
4 0.6399454365079366 0.9257705026455028 0.05842261904761905 0.048938492063492066
2 0.8934350198412698 0.8984986772486773 0.10369047619047618 0.05556547619047619
2 0.959640376984127 0.9853174603174603 0.08071924603174603 0.029368386243386245
1 0.9900372023809524 0.9479464285714286 0.01992559523809524 0.09023148148148148
2 0.5298338293650794 0.8072453703703704 0.08060267857142857 0.06882275132275133
2 0.49026785714285714 0.9756316137566138 0.04658730158730159 0.04874007936507936