4 0.32730263157894735 0.890343567251462 0.1149561403508772 0.16955409356725146
4 0.5560169956140351 0.5646016081871345 0.1323108552631579 0.04995248538011696
4 0.7029550438596491 0.6989766081871346 0.10114857456140351 0.042916666666666665
4 0.5000959429824561 0.5083150584795322 0.05740679824561403 0.04150950292397661
2 0.18933936403508772 0.5318859649122807 0.07436129385964912 0.052061403508771927
2 0.39510416666666665 0.5593238304093567 0.04582236842105263 0.060504385964912276
2 0.3035635964912281 0.6894809941520468 0.0790844298245614 0.08864766081871345
2 0.43783991228070174 0.504093567251462 0.05108826754385965 0.044323830409356724
2 0.4826864035087719 0.22021198830409358 0.035249451754385965 0.023921783625730997
2 0.47371710526315786 0.1772953216374269 0.06057839912280702 0.02532894736842105
2 0.5095888157894737 0.721140350877193 0.12282620614035088 0.07739035087719298
2 0.3518421052631579 0.9501461988304093 0.040556469298245613 0.09919956140350879
2 0.42069627192982456 0.8182309941520467 0.007302631578947369 0.10834795321637426
3 0.9332867324561404 0.5558040935672515 0.12068256578947369 0.03799342105263158
2 0.6156743421052632 0.3292616959064327 0.03634046052631579 0.02532894736842105
2 0.40411458333333333 0.2525767543859649 0.0712390350877193 0.032364766081871346
4 0.31753563596491224 0.4260014619883041 0.0299890350877193 0.035880847953216374
4 0.24973684210526315 0.4945979532163743 0.07063048245614036 0.040807748538011696
4 0.26582785087719296 0.6265131578947368 0.07643092105263158 0.05276681286549708
4 0.49797149122807016 0.6954605263157895 0.061600877192982455 0.04713815789473684
4 0.45286458333333335 0.7851644736842105 0.04420230263157895 0.032364766081871346
4 0.40010416666666665 0.7475219298245614 0.05160087719298246 0.04573099415204678
4 0.41962719298245615 0.6754093567251462 0.024161184210526317 0.022514619883040935
4 0.07404331140350878 0.7844590643274855 0.10021655701754385 0.1364875730994152
4 0.9810608552631579 0.7626498538011697 0.03787828947368421 0.023921783625730997
4 0.3784649122807018 0.4991703216374269 0.0178234649122807 0.018994883040935672
4 0.312250548245614 0.6388230994152047 0.04896929824561403 0.02532894736842105
4 0.5219736842105264 0.28388157894736843 0.02623081140350877 0.02180921052631579
2 0.22782894736842105 0.6937024853801169 0.06164199561403509 0.07598318713450292
4 0.3256962719298246 0.531531432748538 0.06847861842105263 0.0485453216374269
4 0.25130756578947366 0.2198611111111111 0.04633497807017544 0.01195906432748538