2 0.5990859374999999 0.8634907407407408 0.03827864583333333 0.07073611111111111
1 0.4615520833333333 0.7604351851851852 0.04859895833333334 0.050004629629629635
1 0.42896875 0.48724074074074075 0.03831770833333333 0.04756481481481481
0 0.2993229166666667 0.8177546296296296 0.032861979166666666 0.04756481481481481
0 0.4262265625 0.897638888888889 0.0300859375 0.056101851851851854
0 0.5723359375 0.8220231481481481 0.0218203125 0.04878703703703703
0 0.6155494791666667 0.5890787037037037 0.023182291666666667 0.03170833333333333
0 0.5171510416666666 0.23266666666666666 0.014408854166666667 0.00951388888888889
4 0.45586979166666663 0.2964259259259259 0.010140624999999999 0.00951388888888889
4 0.4594791666666667 0.44297222222222227 0.04198697916666667 0.038064814814814815
4 0.2821223958333333 0.7962407407407408 0.04531510416666666 0.03617129629629629
4 0.8328307291666667 0.6980648148148147 0.022515624999999997 0.04030092592592593
4 0.7726744791666668 0.5926574074074075 0.01729947916666667 0.029967592592592594
4 0.9778463541666667 0.9507361111111112 0.025388020833333334 0.05580555555555556
4 0.7985416666666667 0.6267592592592592 0.019036458333333332 0.025833333333333333
2 0.3358828125 0.8871805555555555 0.04471354166666666 0.04650462962962963
1 0.5017395833333333 0.21384259259259258 0.032489583333333336 0.010898148148148148