0 0.23463802083333332 0.3649675925925926 0.022473958333333332 0.041666666666666664
3 0.631078125 0.3839212962962963 0.06115104166666666 0.03410648148148148
3 0.49105208333333333 0.3133842592592592 0.05323177083333333 0.06323611111111112
3 0.39027343750000004 0.6434675925925927 0.0521953125 0.07983796296296296
3 0.23740364583333334 0.4902824074074074 0.038125 0.08990277777777778
3 0.2018828125 0.6769027777777777 0.06864583333333334 0.08240277777777778
1 0.15684635416666665 0.5965231481481481 0.03716666666666667 0.08113425925925925
2 0.05378645833333333 0.27440740740740743 0.0276640625 0.028601851851851854
4 0.37044791666666665 0.41800925925925925 0.028171875000000002 0.03406481481481481
2 0.3629244791666667 0.27325 0.04177083333333333 0.049435185185185186
3 0.3981927083333333 0.2975601851851852 0.014651041666666666 0.028597222222222225
1 0.46804427083333333 0.5189722222222223 0.03846875 0.050805555555555555