2 0.12514632936507936 0.8389583333333334 0.12235615079365078 0.11232473544973545
1 0.041607142857142856 0.8031547619047619 0.025047123015873016 0.026769179894179894
2 0.015238095238095238 0.8504695767195768 0.030478670634920636 0.0316765873015873
2 0.7320188492063492 0.9752215608465609 0.08689732142857143 0.049553571428571426
2 0.31762896825396825 0.39628968253968255 0.07787450396825397 0.03532407407407407
2 0.794578373015873 0.8617625661375661 0.019995039682539684 0.04299933862433863
1 0.8404786706349207 0.9528009259259259 0.011267361111111112 0.017433862433862433
1 0.7480952380952381 0.1822685185185185 0.01768105158730159 0.007361111111111112
1 0.2651909722222222 0.2822189153439153 0.015324900793650793 0.00968584656084656
1 0.10816964285714285 0.406957671957672 0.01913938492063492 0.00968584656084656
1 0.16118551587301586 0.7275297619047619 0.04498263888888889 0.038740079365079366
4 0.41880456349206346 0.49541005291005286 0.02565228174603175 0.013912037037037037
3 0.060265376984126984 0.9912632275132275 0.04199900793650794 0.017470238095238094
4 0.3221999007936508 0.967285052910053 0.14378472222222222 0.06542989417989419
2 0.0872891865079365 0.9437896825396825 0.04106398809523809 0.0476223544973545