2 0.06734375000000001 0.579462962962963 0.03155989583333333 0.04052314814814815
0 0.09322916666666667 0.5921990740740741 0.02471614583333333 0.03704629629629629
0 0.23209114583333335 0.7375 0.024356770833333333 0.04399537037037037
0 0.40302083333333333 0.5574629629629629 0.025619791666666666 0.03473148148148148
4 0.20783333333333334 0.5016018518518519 0.037059895833333335 0.057310185185185186
0 0.41884895833333335 0.47468518518518515 0.026661458333333332 0.03936574074074074
4 0.4530338541666667 0.5658611111111111 0.0513984375 0.03531018518518518
4 0.45221875 0.536337962962963 0.028932291666666665 0.03994444444444444
4 0.4699635416666667 0.6613749999999999 0.030557291666666667 0.04225925925925926
0 0.47159114583333334 0.6301157407407407 0.03641666666666667 0.030680555555555555
2 0.5590104166666666 0.6749768518518519 0.0601640625 0.0717824074074074
4 0.5551041666666666 0.5111527777777778 0.0223984375 0.03125925925925926
1 0.6881041666666667 0.28596759259259263 0.057854166666666665 0.027787037037037037
4 0.7276953125 0.8170925925925926 0.021114583333333332 0.048046296296296295
1 0.7288333333333333 0.4680277777777778 0.041625 0.03299537037037037
1 0.8097421874999999 0.37453703703703706 0.015234375 0.03125925925925926
0 0.9878359375 0.19913425925925926 0.015192708333333334 0.02083796296296296
4 0.9951666666666666 0.34096296296296297 0.009666666666666665 0.023157407407407408
4 0.7257421875 0.1094074074074074 0.011346354166666666 0.015050925925925924