1 0.9056125992063492 0.42651124338624335 0.09688740079365078 0.0627281746031746
2 0.7543477182539683 0.8479298941798942 0.03746775793650794 0.02738425925925926
3 0.766639384920635 0.8980787037037037 0.13560267857142858 0.07037037037037037
4 0.9799280753968255 0.7114880952380952 0.04014384920634921 0.03597883597883598
2 0.8749330357142857 0.7826554232804233 0.03027529761904762 0.022926587301587302
2 0.8241889880952381 0.7543154761904762 0.06634176587301588 0.02611111111111111
2 0.8111780753968254 0.8189517195767196 0.040319940476190474 0.020376984126984125
2 0.9066914682539683 0.818316798941799 0.02549107142857143 0.013373015873015872
2 0.6087400793650793 0.8681018518518518 0.07043402777777778 0.05103174603174603
2 0.6434275793650794 0.8220006613756614 0.05285962301587301 0.0411739417989418
2 0.7036507936507936 0.8473710317460317 0.059756944444444446 0.046101190476190476
2 0.6924528769841269 0.8153339947089948 0.04562748015873016 0.02435515873015873
2 0.6283159722222222 0.7199404761904762 0.06916170634920635 0.05393187830687831
2 0.43658978174603175 0.5455588624338624 0.03402281746031746 0.007566137566137566
2 0.21676339285714286 0.6881580687830687 0.07020089285714286 0.05323743386243387
4 0.5752083333333333 0.7787136243386243 0.02931299603174603 0.02967261904761905
2 0.7940277777777778 0.9643981481481482 0.027237103174603174 0.02697751322751323
2 0.90625 0.760651455026455 0.0913888888888889 0.09287037037037037
2 0.8606547619047619 0.6946329365079366 0.020570436507936506 0.009477513227513227
2 0.8401512896825396 0.8921626984126985 0.0353249007936508 0.025552248677248677
2 0.8526537698412698 0.7963227513227513 0.02570188492063492 0.02136904761904762