3 0.3672682291666666 0.4556574074074074 0.028877604166666668 0.05095833333333333
3 0.39353645833333334 0.5057731481481481 0.03461979166666666 0.03299537037037037
3 0.525125 0.42914814814814817 0.0319609375 0.019875
3 0.4305572916666666 0.33363425925925927 0.0243359375 0.015277777777777777
2 0.30380989583333334 0.6729629629629629 0.020736979166666666 0.03719907407407407
2 0.26250260416666665 0.5368564814814815 0.020395833333333332 0.032990740740740744
0 0.2605651041666667 0.3900416666666667 0.009427083333333334 0.015800925925925927
4 0.2858541666666667 0.476712962962963 0.025645833333333333 0.04026851851851852
1 0.23899739583333332 0.5401759259259259 0.027088541666666667 0.04527777777777778
3 0.33886458333333336 0.4523888888888889 0.015919270833333336 0.03880555555555555
1 0.41549739583333334 0.38185648148148144 0.026265625 0.016074074074074074
4 0.4805260416666667 0.44455092592592593 0.039736979166666665 0.021277777777777777