0 0.21944791666666666 0.35648148148148145 0.038968749999999996 0.05555555555555555
0 0.21154427083333335 0.533949074074074 0.061721354166666666 0.08333333333333333
0 0.4208151041666667 0.5054027777777778 0.033713541666666666 0.0725324074074074
0 0.5440651041666666 0.21373611111111113 0.026739583333333334 0.05401388888888889
4 0.6629739583333334 0.2839490740740741 0.04059895833333334 0.037037037037037035
4 0.16042708333333333 0.3580231481481482 0.0667578125 0.046296296296296294
4 0.12050000000000001 0.9328703703703703 0.06850260416666668 0.13425925925925927
4 0.7601822916666666 0.6134259259259259 0.05793489583333333 0.07561574074074075
4 0.7219947916666667 0.327162037037037 0.02843489583333333 0.037037037037037035
4 0.20382291666666666 0.43441203703703707 0.08584114583333333 0.0725324074074074
1 0.45553125 0.36574074074074076 0.06495052083333333 0.043208333333333335
2 0.5431953125 0.3788564814814815 0.0302109375 0.06944444444444445
0 0.45943489583333336 0.7808333333333333 0.0251015625 0.0632037037037037