2 0.2778521825396825 0.46101190476190473 0.05987103174603175 0.04656746031746031
2 0.24439980158730157 0.45169973544973546 0.09296130952380952 0.05245039682539683
2 0.34548859126984127 0.35513558201058204 0.06132440476190476 0.041666666666666664
2 0.538655753968254 0.5771858465608466 0.09178819444444444 0.06225198412698413
2 0.4324206349206349 0.6965443121693121 0.13812996031746033 0.0784292328042328
2 0.48168154761904763 0.8722751322751323 0.058720238095238096 0.0916633597883598
2 0.38831597222222225 0.7798743386243386 0.034481646825396825 0.06862433862433863
2 0.821937003968254 0.7605125661375661 0.06131448412698413 0.06813492063492063
4 0.8076041666666667 0.45856150793650796 0.03190972222222222 0.04950727513227513
2 0.6239905753968253 0.5632142857142858 0.04628968253968253 0.04999669312169312
2 0.576547619047619 0.13357473544973544 0.06389880952380952 0.036762566137566136
2 0.5771006944444445 0.279401455026455 0.035592757936507936 0.023528439153439155
2 0.4212425595238095 0.2548941798941799 0.04224702380952381 0.027450396825396826
2 0.9698784722222222 0.8265641534391535 0.060240575396825397 0.1140079365079365