4 0.8942161458333333 0.5162777777777778 0.032651041666666665 0.03856018518518519
4 0.8002395833333333 0.3847453703703704 0.02206510416666667 0.02913425925925926
4 0.646015625 0.8024768518518518 0.07511458333333333 0.059125
4 0.6505963541666666 0.7180740740740741 0.04282291666666667 0.053125
2 0.499265625 0.4297314814814815 0.037075520833333334 0.036847222222222226
4 0.48601041666666667 0.5137037037037037 0.053947916666666665 0.050555555555555555
4 0.5407135416666667 0.4845694444444445 0.023572916666666666 0.04198611111111111
4 0.4202291666666667 0.6319583333333333 0.021671875 0.050555555555555555
2 0.5710755208333332 0.49528240740740737 0.03995052083333333 0.04969907407407407
1 0.5857734375 0.4665787037037037 0.042356770833333335 0.04369907407407408
1 0.6257760416666667 0.4104490740740741 0.051023437500000005 0.06169444444444444
1 0.28283854166666667 0.4395833333333333 0.06983333333333334 0.04798611111111111
0 0.5332083333333333 0.6910833333333334 0.03748177083333334 0.059125
0 0.7349427083333333 0.45543518518518517 0.014859375000000001 0.036847222222222226
0 0.8756666666666667 0.6328148148148148 0.048562499999999995 0.04198611111111111
0 0.9496458333333333 0.5826851851851852 0.033604166666666664 0.03599074074074074
0 0.718796875 0.6186759259259259 0.02402083333333333 0.051412037037037034
0 0.6091536458333333 0.5274166666666666 0.03609635416666667 0.031703703703703706
0 0.6144557291666667 0.7442083333333334 0.0312734375 0.05398611111111111