4 0.13101934523809525 0.6391699735449735 0.06309771825396825 0.08148809523809523
2 0.06894593253968254 0.9761937830687831 0.10942212301587302 0.047612433862433856
2 0.009119543650793652 0.8366038359788359 0.018239087301587305 0.027800925925925923
2 0.08148809523809523 0.8037698412698412 0.16297867063492064 0.05962632275132275
2 0.29497519841269837 0.865813492063492 0.0911532738095238 0.03384259259259259
2 0.2644568452380952 0.9449801587301587 0.11351934523809523 0.07614748677248677
2 0.41735863095238096 0.860082671957672 0.12321676587301587 0.11835978835978836
2 0.4994518849206349 0.9267526455026455 0.2952926587301587 0.14649140211640213
2 0.8000347222222222 0.8584656084656085 0.19551835317460317 0.20241732804232804
1 0.7093005952380953 0.8794345238095238 0.12018849206349207 0.1153207671957672
3 0.33949156746031744 0.4709656084656085 0.06766121031746032 0.03225859788359788
1 0.833578869047619 0.46854828042328045 0.17156498015873015 0.1258068783068783