2 0.1761348684210526 0.4406542397660819 0.05025219298245614 0.0741703216374269
3 0.7835444078947368 0.6657236842105263 0.050701754385964914 0.10069444444444445
0 0.8468201754385964 0.3863048245614035 0.05390076754385965 0.05097953216374269
3 0.8623519736842106 0.26798976608187136 0.11237938596491227 0.040899122807017546
1 0.18527412280701755 0.08008771929824561 0.0740076754385965 0.0329312865497076
3 0.9729824561403508 0.039579678362573104 0.054032346491228074 0.04321637426900585
2 0.9577905701754386 0.6652046783625731 0.054544956140350875 0.02436769005847953
4 0.2488075657894737 0.6548501461988304 0.11866776315789473 0.3204203216374269
4 0.07750548245614035 0.5695650584795321 0.03739583333333333 0.07431652046783627
4 0.5699479166666667 0.9180080409356726 0.14143366228070176 0.0816264619883041
4 0.7535910087719297 0.9361586257309942 0.11215460526315789 0.12767909356725146