2 0.149015376984127 0.40333664021164023 0.08595734126984127 0.07168650793650794
2 0.23730406746031746 0.41164021164021164 0.07477678571428571 0.05508597883597884
3 0.04688244047619047 0.2742989417989418 0.06737599206349207 0.03395833333333333
4 0.18381448412698412 0.5844444444444444 0.11254464285714286 0.05961309523809524
2 0.40366071428571426 0.7659259259259259 0.1617261904761905 0.12224537037037038
2 0.33151289682539686 0.8685548941798943 0.10458829365079365 0.09206349206349206
2 0.376500496031746 0.9765343915343915 0.11985615079365079 0.04693121693121693
1 0.4792113095238095 0.9326951058201057 0.10342013888888889 0.11168320105820106
4 0.5957862103174604 0.8810052910052909 0.07170386904761905 0.05659722222222222
4 0.4130059523809524 0.9142063492063491 0.033266369047619045 0.043012566137566134
1 0.391217757936508 0.8866633597883598 0.04628720238095238 0.024146825396825396
2 0.9381522817460318 0.8742129629629629 0.1236954365079365 0.1803505291005291
2 0.7494618055555555 0.7783796296296297 0.10852678571428571 0.1546957671957672
2 0.824437003968254 0.766683201058201 0.19622271825396825 0.17355820105820108
2 0.5836507936507938 0.7568716931216932 0.19005456349206348 0.10564484126984128
3 0.692874503968254 0.9425066137566137 0.08590525793650794 0.10111772486772486
2 0.9608234126984126 0.3882473544973545 0.07395833333333333 0.06263227513227514
2 0.9421478174603174 0.5259623015873016 0.07396329365079365 0.05282407407407408
2 0.5382539682539682 0.2847387566137566 0.06771825396825397 0.07037367724867725
2 0.7791096230158729 0.269212962962963 0.04216517857142857 0.04846560846560847
2 0.7626785714285714 0.16564484126984128 0.034203869047619045 0.01659722222222222
4 0.9104489087301587 0.44298280423280423 0.03149305555555556 0.03029761904761905