0 0.32924479166666665 0.47839351851851847 0.027658854166666667 0.024689814814814814
4 0.2508697916666667 0.42323148148148143 0.04003645833333334 0.02050462962962963
4 0.25828385416666666 0.3934537037037037 0.0252109375 0.01952777777777778
4 0.35437760416666664 0.36465277777777777 0.029580729166666667 0.032217592592592596
2 0.5322890625 0.3690462962962963 0.024046875000000002 0.017574074074074075
3 0.5355833333333333 0.47839351851851847 0.031734375 0.042958333333333334
4 0.40983593749999997 0.5135416666666667 0.03725520833333333 0.03514814814814815
3 0.41697656250000004 0.4564259259259259 0.025171875 0.018550925925925926
3 0.3379036458333333 0.5052407407407407 0.0570390625 0.05564814814814815
3 0.5418984375 0.7200277777777778 0.032278645833333335 0.024407407407407405
3 0.6286588541666667 0.548199074074074 0.034455729166666664 0.02636111111111111
1 0.44745052083333337 0.6253287037037037 0.041088541666666666 0.06541203703703703
1 0.3433932291666667 0.5433194444444445 0.04495833333333333 0.04393518518518519
1 0.325 0.5989675925925926 0.042216145833333336 0.036125
1 0.1481875 0.5511296296296296 0.03347135416666667 0.028314814814814813
3 0.4683177083333333 0.5276944444444445 0.03449479166666667 0.032217592592592596
2 0.5839036458333333 0.5564953703703703 0.042703124999999995 0.056625
0 0.7777369791666667 0.5183101851851851 0.015817708333333333 0.019925925925925927