2 0.39702302631578945 0.8612755847953216 0.19125822368421053 0.19160818713450292
2 0.5475904605263158 0.8800511695906433 0.13009320175438596 0.14057748538011697
2 0.6887554824561404 0.9525438596491228 0.17994791666666668 0.09491228070175439
2 0.2468421052631579 0.5806030701754386 0.04688322368421052 0.05584429824561403
2 0.19124451754385963 0.5233150584795322 0.0743311403508772 0.05488304093567251
0 0.3544572368421052 0.2833516081871345 0.015550986842105262 0.013877923976608187
3 0.44985745614035083 0.312266081871345 0.06496436403508772 0.021973684210526315
2 0.2256606359649123 0.821140350877193 0.08930098684210526 0.07401681286549708
4 0.32952302631578945 0.708377192982456 0.0394078947368421 0.021973684210526315
4 0.39976973684210526 0.5363450292397661 0.10183662280701754 0.03990131578947369
4 0.31759594298245614 0.5123464912280702 0.05719024122807018 0.03701023391812866
4 0.6560581140350877 0.49702119883040935 0.061880482456140355 0.027178362573099416
4 0.8245751096491228 0.4293640350877193 0.07450109649122806 0.027178362573099416
1 0.8597012061403508 0.38570540935672515 0.056280153508771934 0.039323830409356726
1 0.8925109649122808 0.5199195906432749 0.10426535087719299 0.056527777777777774
2 0.12457236842105263 0.6851827485380118 0.08234375 0.05552631578947368
2 0.4105235745614035 0.6463194444444444 0.04919407894736842 0.06944444444444445
2 0.35296326754385965 0.7675438596491229 0.09854440789473684 0.029239766081871343
2 0.290561951754386 0.7960270467836257 0.036998355263157895 0.02716739766081871
2 0.5743064692982457 0.5278033625730993 0.10435032894736843 0.04396198830409357
2 0.46638432017543857 0.667858187134503 0.07175986842105263 0.03057017543859649
2 0.4509183114035088 0.24066154970760237 0.02387061403508772 0.014258040935672513
2 0.2507209429824561 0.25186038011695905 0.05320997807017544 0.012898391812865498
2 0.33306195175438597 0.24048976608187136 0.03306195175438596 0.012558479532163743
2 0.36717105263157895 0.26153508771929823 0.04119791666666667 0.015953947368421054
2 0.207453399122807 0.7200877192982457 0.06076480263157894 0.04742324561403509
2 0.026126644736842106 0.5516776315789474 0.015874451754385965 0.03532529239766082
2 0.014383223684210526 0.569546783625731 0.02876644736842105 0.02701388888888889
2 0.3112911184210526 0.5672624269005848 0.056968201754385966 0.0698172514619883
2 0.4367927631578948 0.6975511695906432 0.06139802631578947 0.03740497076023392