2 0.6654910714285714 0.8716633597883597 0.18269097222222222 0.14906084656084656
2 0.7595262896825397 0.6742791005291006 0.052003968253968254 0.028564814814814814
2 0.9534027777777777 0.685601851851852 0.09319444444444444 0.15421296296296297
2 0.8809920634920635 0.8739748677248678 0.13903025793650794 0.0914616402116402
2 0.8254315476190476 0.7776058201058201 0.11331101190476191 0.09732473544973545
2 0.9583680555555555 0.8180952380952381 0.0832638888888889 0.09842261904761905
2 0.5605977182539682 0.7441269841269841 0.07873263888888889 0.04907738095238095
1 0.5246031746031745 0.752443783068783 0.023053075396825398 0.015221560846560848
2 0.7983978174603175 0.9291402116402115 0.08903025793650794 0.10273809523809524
2 0.7575669642857144 0.9648247354497355 0.05702380952380952 0.021593915343915342
2 0.7914434523809524 0.1581712962962963 0.04334821428571429 0.032020502645502644