0 0.9739921875 0.21268055555555554 0.015447916666666667 0.0180787037037037
0 0.8060703124999999 0.3870648148148148 0.019502604166666666 0.03378240740740741
1 0.7310052083333333 0.4722314814814815 0.04280208333333334 0.03473148148148148
1 0.6807005208333333 0.2947592592592592 0.05994791666666666 0.023314814814814816
4 0.5496692708333334 0.5367037037037037 0.026986979166666664 0.0295
2 0.549265625 0.6794444444444444 0.06204427083333333 0.06470833333333334
4 0.4384765625 0.5826157407407407 0.048153645833333335 0.029976851851851852
4 0.43954687499999995 0.5540694444444444 0.029958333333333333 0.039490740740740736
0 0.4109166666666667 0.49863888888888885 0.027304687499999997 0.03235648148148148
0 0.45694270833333334 0.6344814814814815 0.0353046875 0.03187962962962963
0 0.38857291666666666 0.5688194444444444 0.02703125 0.04044444444444444
4 0.4517057291666667 0.6627916666666667 0.03179427083333333 0.03711111111111111
0 0.22394791666666666 0.7322546296296296 0.02323177083333333 0.045675925925925925
0 0.07448958333333335 0.563824074074074 0.025677083333333333 0.038064814814814815
2 0.04772916666666667 0.5547824074074074 0.033710937499999996 0.045675925925925925
0 0.852390625 0.0031898148148148146 0.009216145833333333 0.006375
4 0.7185 0.10707407407407407 0.009846354166666666 0.010097222222222221
4 0.7231119791666667 0.8160833333333334 0.022385416666666665 0.04509722222222222