2 0.6990873015873016 0.7953042328042328 0.14480158730158732 0.15211640211640212
1 0.026212797619047618 0.678313492063492 0.041083829365079365 0.02160383597883598
1 0.11126736111111112 0.7060648148148148 0.029010416666666667 0.01601851851851852
1 0.15456597222222224 0.6434854497354497 0.023412698412698413 0.018250661375661375
2 0.12416170634920635 0.8838161375661375 0.060059523809523806 0.08021494708994709
4 0.02005952380952381 0.750029761904762 0.040116567460317464 0.03864417989417989
2 0.8094295634920635 0.7166534391534392 0.05261656746031746 0.05620701058201058
2 0.8103100198412698 0.7769609788359789 0.02187996031746032 0.053865740740740735
2 0.7962574404761905 0.910162037037037 0.06052331349206349 0.0544510582010582
2 0.6654141865079365 0.915138888888889 0.029818948412698415 0.07377314814814814
2 0.9025099206349206 0.627364417989418 0.08420882936507935 0.15281746031746032
2 0.8410441468253969 0.4903571428571428 0.04119295634920635 0.03220238095238095
2 0.5738665674603174 0.6554695767195767 0.03466765873015873 0.02400462962962963