2 0.6387630208333334 0.49150752314814816 0.043585069444444444 0.028194444444444442
2 0.46857204861111107 0.3124797453703704 0.06968532986111112 0.06672453703703704
2 0.55208984375 0.1968865740740741 0.03513020833333333 0.046050347222222225
2 0.7738454861111111 0.04509548611111111 0.03074001736111111 0.02419849537037037
4 0.8405121527777778 0.3000868055555555 0.15472222222222223 0.06122685185185185
3 0.7770052083333333 0.47002025462962965 0.08710286458333333 0.04766203703703704
4 0.7629817708333334 0.5778096064814815 0.08545572916666666 0.05792824074074074
3 0.6957573784722223 0.7451765046296296 0.11104166666666666 0.12208912037037037
0 0.5705316840277779 0.6295052083333333 0.04811848958333333 0.06452835648148147
1 0.5515321180555556 0.5750607638888889 0.06731770833333334 0.08102430555555555
4 0.3215104166666667 0.6635243055555555 0.04031684027777778 0.07154803240740741
2 0.3990538194444444 0.17808738425925927 0.04499782986111111 0.032378472222222225
2 0.2664822048611111 0.060321180555555555 0.046987847222222226 0.015144675925925928
4 0.17186848958333334 0.06058159722222222 0.04655381944444445 0.015668402777777778
2 0.09794270833333334 0.8870862268518519 0.035444878472222226 0.030477430555555556