1 0.1732109375 0.009402777777777777 0.055075520833333336 0.018805555555555555
1 0.1734869791666667 0.1707175925925926 0.07511197916666666 0.03364814814814815
4 0.13327604166666665 0.11554166666666667 0.021966145833333332 0.029194444444444446
2 0.2579609375 0.4782546296296296 0.057567708333333335 0.033152777777777774
0 0.4042395833333333 0.3278287037037037 0.028919270833333333 0.047009259259259265
0 0.4611536458333333 0.3248564814814815 0.028627604166666668 0.03711111111111111
2 0.5232161458333333 0.44633796296296296 0.04197135416666666 0.08016203703703705
0 0.5599557291666667 0.49606944444444445 0.016356770833333333 0.03216203703703704
4 0.5950208333333333 0.5242731481481482 0.0324921875 0.04502777777777778
0 0.6648776041666667 0.3260925925925926 0.029135416666666667 0.03562962962962963
4 0.46073437500000003 0.8956481481481481 0.07510416666666667 0.10688425925925926
4 0.5432552083333333 0.8840185185185185 0.03918229166666667 0.06977314814814815
4 0.6942395833333334 0.8629861111111111 0.042765625 0.05937962962962962
4 0.8455364583333334 0.5415925925925925 0.03862760416666667 0.03810185185185185
4 0.7703932291666666 0.6041898148148148 0.04086979166666667 0.052453703703703704
4 0.8051848958333333 0.627449074074074 0.02871614583333333 0.03562962962962963
4 0.9020338541666667 0.5732638888888889 0.033046875 0.06086574074074074
0 0.8714192708333334 0.3199074074074074 0.034166666666666665 0.047009259259259265
0 0.9856666666666667 0.22465277777777778 0.028296875 0.040574074074074075
0 0.784171875 0.07348148148148148 0.03789322916666667 0.029194444444444446
4 0.7364401041666666 0.15809722222222222 0.015830729166666665 0.021277777777777777
0 0.7257239583333334 0.06606018518518518 0.022234374999999997 0.033152777777777774
0 0.7433984375 0.08263888888888889 0.018611979166666667 0.02672222222222222
4 0.6834218750000001 0.09475925925925927 0.022244791666666666 0.021277777777777777
1 0.6853697916666667 0.07397685185185185 0.029479166666666667 0.01237037037037037