3 0.244734623015873 0.2393419312169312 0.06375496031746032 0.027681878306878304
2 0.3513095238095238 0.3605324074074074 0.08246527777777778 0.07561838624338624
2 0.42928075396825394 0.3770734126984127 0.07130704365079364 0.06143849206349206
4 0.3601686507936508 0.5617294973544974 0.10423363095238095 0.06481481481481481
2 0.5100347222222222 0.8439417989417989 0.10014632936507938 0.109375
2 0.5859796626984127 0.7396329365079365 0.14772073412698414 0.13300595238095236
2 0.507750496031746 0.9692328042328042 0.20090277777777776 0.06153439153439154
2 0.9408829365079365 0.7818287037037037 0.118234126984127 0.17418981481481483
2 0.7647321428571429 0.7592096560846561 0.1943204365079365 0.13435515873015874
4 0.7720808531746032 0.8912037037037037 0.07432539682539682 0.062113095238095245
4 0.8776463293650794 0.9539947089947091 0.08493303571428572 0.07966931216931217
4 0.5794394841269842 0.9030191798941799 0.04562251984126984 0.041183862433862434
1 0.6505778769841271 0.9310383597883598 0.10386656746031747 0.11612764550264551
1 0.5629786706349206 0.8722982804232804 0.046021825396825394 0.025654761904761906
1 0.8654340277777778 0.8108167989417989 0.04163194444444445 0.032645502645502644