4 0.7722161458333333 0.6068518518518519 0.027919270833333332 0.016847222222222222
4 0.8298932291666666 0.6211388888888889 0.020489583333333335 0.029300925925925925
4 0.8125911458333334 0.6632546296296297 0.019669270833333332 0.05639814814814814
0 0.6142265625000001 0.5815833333333333 0.026721354166666666 0.029300925925925925
0 0.42678125 0.8829953703703703 0.02841145833333333 0.054935185185185184
0 0.5874505208333333 0.8174398148148149 0.025078125 0.049810185185185187
2 0.6111432291666666 0.852962962962963 0.04702083333333333 0.07105092592592592
2 0.34146614583333335 0.8591898148148148 0.049776041666666666 0.05859722222222222
1 0.46979166666666666 0.7247824074074074 0.050981770833333336 0.0593287037037037
0 0.29944531249999995 0.7921712962962962 0.034955729166666664 0.04761111111111111
0 0.5199557291666667 0.20428703703703704 0.015106770833333333 0.008518518518518517
1 0.5000182291666666 0.18780092592592593 0.03334635416666667 0.014013888888888888
4 0.4490234375 0.2699537037037037 0.009250000000000001 0.016759259259259262
1 0.4173489583333333 0.46055555555555555 0.03911458333333333 0.03941203703703704
4 0.28350520833333337 0.7700231481481481 0.05005729166666666 0.031629629629629626