2 0.8415848214285714 0.810218253968254 0.16643849206349207 0.14230489417989417
2 0.9625 0.8134325396825397 0.075 0.16342261904761904
2 0.7100892857142856 0.8180224867724867 0.05218005952380952 0.05508597883597884
2 0.6467460317460317 0.8956018518518519 0.07560267857142856 0.061511243386243385
4 0.6864012896825398 0.9505886243386243 0.0625 0.0988260582010582
4 0.8182366071428572 0.9682638888888889 0.10346974206349206 0.0634755291005291
2 0.17829613095238095 0.9402480158730159 0.03764136904761905 0.03301917989417989
2 0.15466021825396825 0.8813425925925925 0.04777777777777777 0.018759920634920633
2 0.08516617063492063 0.8877215608465607 0.02367311507936508 0.010505952380952381
2 0.4574107142857143 0.7372652116402115 0.03982638888888889 0.018759920634920633
4 0.06307291666666667 0.9332208994708995 0.09055059523809525 0.11299933862433861