0 0.6434635416666666 0.3519074074074074 0.012497395833333334 0.01514351851851852
0 0.6453958333333334 0.37133796296296295 0.010645833333333334 0.018574074074074073
0 0.5756432291666667 0.3931944444444444 0.013203125000000001 0.02171759259259259
0 0.5628671875 0.4512037037037037 0.01721614583333333 0.019430555555555555
0 0.45179687500000004 0.39991203703703704 0.012033854166666667 0.02086111111111111
0 0.48096614583333336 0.3759074074074074 0.015401041666666667 0.014574074074074074
1 0.45476822916666665 0.45849074074074075 0.0279453125 0.027148148148148147
4 0.5096536458333333 0.36362037037037037 0.016841145833333335 0.013430555555555557
2 0.4123203125 0.5083518518518518 0.023640625000000002 0.03913888888888889
0 0.4290859375 0.5364722222222222 0.018744791666666667 0.026541666666666665
0 0.4686822916666667 0.5258981481481482 0.0136328125 0.030143518518518517
0 0.4853203125 0.5381574074074075 0.015848958333333333 0.03126388888888889
0 0.42705989583333337 0.5771851851851852 0.01845052083333333 0.03374074074074074
0 0.4325625 0.6346527777777777 0.017057291666666665 0.020467592592592593
0 0.39441927083333334 0.660412037037037 0.021747395833333336 0.038240740740740735
4 0.44407552083333335 0.604625 0.013260416666666667 0.02249537037037037
4 0.3970755208333333 0.563236111111111 0.03692708333333334 0.025194444444444446
4 0.37974739583333333 0.5445694444444444 0.04074479166666667 0.009898148148148147
4 0.32747916666666665 0.5535648148148148 0.013377604166666666 0.030143518518518517
4 0.32102604166666665 0.46921296296296294 0.023247395833333333 0.031041666666666665
4 0.29806510416666665 0.4840601851851852 0.014018229166666667 0.018444444444444447
1 0.3419036458333334 0.45583333333333337 0.032421875 0.02901851851851852
0 0.2504973958333333 0.45358333333333334 0.010739583333333334 0.018217592592592594
4 0.2241171875 0.5526666666666666 0.024536458333333334 0.023842592592592592
4 0.29312760416666667 0.6270046296296296 0.023375 0.02451851851851852
0 0.21361458333333333 0.6513009259259259 0.02225520833333333 0.037564814814814815
2 0.18754166666666666 0.6545601851851851 0.0472890625 0.04678703703703704
1 0.03342447916666667 0.6432037037037037 0.06685156249999999 0.05465740740740741
4 0.3905416666666667 0.7738703703703703 0.036351562500000004 0.06306944444444444
4 0.3139921875 0.8039537037037037 0.030299479166666664 0.06846759259259258
4 0.40478125 0.8356944444444444 0.03740104166666667 0.06887962962962962
4 0.3778255208333333 0.9639120370370371 0.039028645833333334 0.037347222222222226
4 0.19940625 0.7574814814814815 0.021927083333333333 0.024481481481481483
1 0.3723359375 0.8217962962962962 0.04569010416666666 0.050208333333333334