2 0.45529761904761906 0.7529298941798942 0.12049603174603174 0.13956679894179894
2 0.4950843253968254 0.6484589947089947 0.06295138888888889 0.06284722222222222
2 0.5575124007936507 0.732526455026455 0.0984375 0.15425925925925926
2 0.6266889880952381 0.7162003968253968 0.10233630952380952 0.1314054232804233
2 0.6465649801587301 0.595406746031746 0.12473710317460317 0.11998015873015873
2 0.6918154761904762 0.8565310846560847 0.06565724206349206 0.07047619047619048
2 0.6231498015873016 0.9453207671957672 0.10229414682539682 0.1048809523809524
4 0.8328224206349206 0.8035350529100529 0.33435267857142853 0.296332671957672
2 0.866202876984127 0.6109755291005291 0.034027777777777775 0.03218584656084656
2 0.6046552579365079 0.4542096560846561 0.015364583333333334 0.019421296296296294
2 0.12062996031746032 0.9239451058201059 0.20737351190476191 0.15210978835978836
2 0.24515625000000002 0.9700496031746031 0.10848214285714285 0.05990079365079365