2 0.2621800595238095 0.6479464285714286 0.08426587301587302 0.08126653439153439
2 0.3282936507936508 0.7299371693121693 0.06303075396825396 0.06965608465608465
2 0.4346701388888889 0.8028604497354497 0.054841269841269843 0.03990740740740741
2 0.26218253968253963 0.7215939153439153 0.05053075396825397 0.03555224867724868
2 0.18927083333333333 0.5641435185185185 0.058164682539682544 0.045710978835978834
2 0.29129464285714285 0.44478174603174603 0.028214285714285716 0.02757275132275132
2 0.059957837301587304 0.6787830687830687 0.11991815476190476 0.10811177248677249
2 0.14299107142857143 0.5974834656084655 0.08131448412698412 0.049169973544973544
1 0.049689980158730156 0.5972982804232805 0.07905753968253967 0.03687830687830688
2 0.1059250992063492 0.9707010582010582 0.11238343253968254 0.05859788359788359
4 0.012249503968253968 0.6318650793650794 0.024499007936507937 0.049391534391534396
4 0.39038194444444446 0.5206613756613757 0.013291170634920637 0.010572089947089946