1 0.03357552083333334 0.5694444444444444 0.06715104166666667 0.04938425925925926
1 0.34004427083333333 0.40000925925925923 0.030000000000000002 0.03820833333333334
1 0.4603463541666667 0.40174537037037034 0.02695052083333333 0.027787037037037037
1 0.37406510416666666 0.7586296296296297 0.04780729166666667 0.04225925925925926
4 0.3880651041666667 0.5099953703703703 0.035432291666666664 0.02199537037037037
4 0.36853125000000003 0.4958148148148148 0.03673958333333334 0.009842592592592594
4 0.37699479166666666 0.7238935185185185 0.0380390625 0.05615277777777778
4 0.38953385416666664 0.7852546296296297 0.028708333333333332 0.057310185185185186
4 0.29901822916666665 0.7499444444444445 0.028614583333333332 0.057310185185185186
4 0.31577083333333333 0.4975509259259259 0.012624999999999999 0.031837962962962964
4 0.22346875 0.4897361111111111 0.023393229166666665 0.02199537037037037
4 0.1871640625 0.6772962962962963 0.02307552083333333 0.027787037037037037
4 0.2874453125 0.5438611111111111 0.023703125 0.02952314814814815
4 0.2963984375 0.4353194444444444 0.012955729166666667 0.01736574074074074
4 0.32228124999999996 0.41998148148148146 0.022390625 0.030680555555555555
4 0.5126171875 0.3050740740740741 0.014921875 0.013893518518518519
4 0.4852682291666667 0.31780555555555556 0.013625 0.013893518518518519
1 0.58978125 0.17800462962962962 0.015554687499999999 0.009842592592592594
0 0.6461067708333333 0.29609722222222223 0.0116328125 0.019101851851851852
0 0.6487109375000001 0.31954166666666667 0.0096796875 0.01620833333333333
0 0.5787109375 0.3322777777777778 0.012299479166666665 0.02083796296296296
0 0.5651979166666667 0.3962453703703704 0.0171875 0.021416666666666667
0 0.45678124999999997 0.33749074074074076 0.01265625 0.01620833333333333
0 0.46849999999999997 0.4801851851851852 0.012651041666666666 0.02489351851851852
0 0.4838046875 0.48944444444444446 0.015252604166666666 0.02605092592592593
0 0.4229192708333333 0.48712962962962963 0.015919270833333336 0.02489351851851852
0 0.41917447916666667 0.5215740740740741 0.016244791666666668 0.03473148148148148
0 0.3818958333333333 0.6095648148148148 0.0217890625 0.03820833333333334
0 0.4258489583333333 0.5820694444444444 0.0185234375 0.02489351851851852
0 0.24951822916666666 0.37945833333333334 0.010369791666666666 0.019101851851851852
0 0.20637760416666667 0.5701990740740741 0.02568229166666667 0.03588888888888889
4 0.43690364583333335 0.5461759259259259 0.015234375 0.02489351851851852
2 0.41232291666666665 0.46194907407407404 0.027940104166666667 0.041680555555555554
2 0.17983072916666665 0.5774351851851852 0.04357291666666666 0.043416666666666666
4 0.37064322916666664 0.9212916666666666 0.03770572916666667 0.041101851851851855