4 0.8447682291666666 0.7971481481481482 0.032945312500000004 0.04901388888888889
4 0.8397578125 0.6830787037037037 0.01590625 0.040101851851851854
4 0.7688333333333334 0.6264907407407407 0.029455729166666667 0.02673611111111111
4 0.9557890625 0.11495833333333333 0.010364583333333333 0.010694444444444446
4 0.43226562500000004 0.21299074074074073 0.008984375 0.010694444444444446
4 0.2828671875 0.7588287037037037 0.0490546875 0.02940740740740741
0 0.30742708333333335 0.77175 0.030002604166666665 0.04456018518518518
0 0.421203125 0.8590833333333333 0.03598958333333333 0.05703240740740741
0 0.5978854166666667 0.8421527777777778 0.023416666666666665 0.05703240740740741
0 0.6151770833333334 0.5721296296296297 0.019903645833333334 0.04099537037037037
0 0.5038697916666667 0.16581481481481483 0.014916666666666667 0.007726851851851853
1 0.47979166666666667 0.14727314814814815 0.03386979166666667 0.012055555555555555
1 0.41982031249999996 0.41631944444444446 0.04153125 0.048212962962962964
1 0.47135937499999997 0.7255416666666668 0.049690104166666665 0.04048611111111111
2 0.6262786458333333 0.8331574074074074 0.03705729166666667 0.05943518518518518
2 0.3541067708333333 0.8317777777777778 0.051533854166666664 0.05977777777777778