4 0.4859088541666667 0.8148148148148148 0.07362239583333333 0.07716203703703703
4 0.5136848958333333 0.7229953703703704 0.03195572916666666 0.09105092592592592
4 0.6891770833333334 0.5127222222222222 0.0350546875 0.0470462962962963
4 0.6378203125 0.3370972222222222 0.024864583333333336 0.030898148148148147
4 0.2806875 0.6314166666666666 0.03698697916666667 0.047532407407407405
0 0.44688802083333334 0.5981435185185185 0.023572916666666666 0.05545833333333334
0 0.33704947916666667 0.7185648148148148 0.04721354166666667 0.03802777777777778
0 0.44109375 0.7451064814814815 0.03515885416666666 0.04515740740740741
0 0.473625 0.7332222222222222 0.03703385416666667 0.07050925925925926
0 0.6422760416666667 0.5937870370370371 0.044468749999999994 0.037236111111111116
0 0.7351796875000001 0.5787314814814815 0.026177083333333333 0.046740740740740735
0 0.8120416666666667 0.615175925925926 0.035515625 0.057833333333333334
0 0.5504895833333333 0.4000833333333333 0.0276953125 0.04119444444444444
0 0.4455494791666667 0.4868333333333333 0.034265625 0.037236111111111116
1 0.16100781249999999 0.4175138888888889 0.0828359375 0.05387037037037037
1 0.5105703125 0.3679953703703704 0.056463541666666665 0.0641712962962963
1 0.388484375 0.4539537037037037 0.04064322916666666 0.03961111111111111
1 0.8434661458333333 0.353337962962963 0.044888020833333334 0.04119444444444444
2 0.41637500000000005 0.38225925925925924 0.049890625 0.04515740740740741