2 0.5161929563492064 0.9247354497354497 0.07333829365079365 0.04244047619047619
2 0.744796626984127 0.9505324074074074 0.09593005952380954 0.09893187830687832
2 0.3136011904761905 0.8794378306878307 0.05747271825396825 0.07427248677248677
2 0.40601934523809524 0.6643749999999999 0.09295138888888889 0.07182539682539682
2 0.46937748015873015 0.6729431216931216 0.053348214285714284 0.046521164021164026
2 0.6294270833333333 0.4309457671957672 0.03291418650793651 0.022853835978835977
2 0.7665277777777777 0.321984126984127 0.06593253968253968 0.03346230158730159
2 0.2891170634920635 0.458287037037037 0.04401289682539683 0.03835978835978836
2 0.2744270833333333 0.42686507936507934 0.08318700396825397 0.03427910052910053
2 0.22362103174603173 0.73375 0.13706101190476191 0.08488425925925926
2 0.1021329365079365 0.7533366402116403 0.03487599206349207 0.047337962962962964
4 0.7298040674603175 0.6733531746031746 0.07083829365079365 0.017956349206349205
2 0.41031746031746036 0.4240079365079365 0.05991815476190476 0.03346230158730159
2 0.3230753968253969 0.07998677248677248 0.07764880952380952 0.01958994708994709
4 0.023167162698412697 0.44237103174603176 0.026304563492063494 0.040810185185185185