4 0.9034920634920636 0.07919642857142857 0.0008134920634920635 0.0008895502645502645
2 0.5947743055555555 0.7619014550264549 0.10923859126984127 0.0810218253968254
2 0.3497594246031746 0.6968551587301587 0.07555555555555556 0.03470568783068783
2 0.12587301587301586 0.794050925925926 0.05106646825396825 0.04612103174603174
2 0.5215054563492063 0.2751851851851852 0.05364087301587302 0.04012896825396825
2 0.5752926587301587 0.45077050264550267 0.030595238095238095 0.03418650793650793
2 0.5939508928571429 0.9328935185185185 0.16050099206349205 0.1342096560846561
2 0.7138318452380953 0.7173015873015872 0.053043154761904764 0.06237103174603175
2 0.3201314484126984 0.5766203703703704 0.07417162698412698 0.05217261904761905
4 0.286780753968254 0.4233234126984127 0.04715525793650793 0.025558862433862437
2 0.2946850198412699 0.722632275132275 0.08280257936507937 0.08846230158730159
4 0.8682490079365079 0.5961507936507936 0.020476190476190478 0.04541997354497354