2 0.4158209325396825 0.2738359788359789 0.14265376984126982 0.13201388888888888
2 0.370500992063492 0.3202281746031746 0.03531746031746032 0.05195767195767196
2 0.38441468253968253 0.401875 0.0854092261904762 0.08694775132275133
2 0.5084623015873015 0.20756613756613754 0.06788442460317459 0.02597883597883598
2 0.599312996031746 0.22903769841269842 0.032480158730158734 0.019087301587301587
2 0.6351959325396825 0.4080059523809524 0.05889384920634921 0.05528769841269841
2 0.31721478174603174 0.7912896825396826 0.19754464285714285 0.2592559523809524
2 0.2542063492063492 0.752853835978836 0.05403025793650793 0.151630291005291
4 0.19803323412698412 0.9283796296296296 0.05067956349206349 0.06820767195767195
2 0.6694122023809524 0.05088624338624338 0.07425843253968255 0.04005952380952381
2 0.8547371031746033 0.05115410052910053 0.05122271825396826 0.029771825396825397
2 0.8790848214285714 0.09933531746031746 0.07705109126984128 0.03085648148148148
4 0.5534077380952381 0.37497685185185187 0.06139632936507937 0.045753968253968255