0 0.4137673611111111 0.31751736111111106 0.0405859375 0.04233506944444444
2 0.1996072048611111 0.2183622685185185 0.05901692708333333 0.032679398148148145
3 0.5530121527777778 0.21316261574074075 0.05169270833333333 0.038622685185185184
1 0.608986545138889 0.3204861111111111 0.058919270833333336 0.06461805555555555
2 0.6059244791666667 0.26849537037037036 0.039427083333333335 0.04827835648148148
1 0.6025824652777777 0.2324739583333333 0.04165581597222222 0.02525173611111111
2 0.4900716145833333 0.29412037037037037 0.07732855902777777 0.05793402777777778
4 0.7529665798611112 0.27369502314814814 0.06723958333333332 0.04233506944444444
3 0.7989171006944444 0.08429976851851852 0.05664713541666666 0.024510995370370367
3 0.7139756944444444 0.3305150462962963 0.09732638888888889 0.054962384259259256
4 0.60564453125 0.48314525462962965 0.05223958333333333 0.05867476851851852
1 0.9287369791666666 0.707818287037037 0.08455512152777778 0.09804108796296296