1 0.4623473389355742 0.3585925925925926 0.04948739495798319 0.053523148148148146
1 0.4947282913165266 0.5948888888888889 0.04235574229691877 0.051916666666666667
0 0.4665574229691877 0.7672268518518519 0.031355742296918766 0.0594074074074074
0 0.6080532212885154 0.6291388888888889 0.022254901960784314 0.056199074074074075
0 0.659717086834734 0.473662037037037 0.0226078431372549 0.02997222222222222
4 0.8967366946778711 0.5571527777777778 0.019974789915966386 0.03746296296296296
4 0.8099607843137254 0.4659027777777778 0.02452941176470588 0.026226851851851852
4 0.8272857142857143 0.5014907407407407 0.01254341736694678 0.027828703703703703
4 0.6875686274509804 0.5748148148148148 0.03880392156862745 0.020337962962962964
2 0.6390028011204482 0.7177175925925926 0.034282913165266105 0.08349074074074074
1 0.5530112044817928 0.08964814814814814 0.036521008403361345 0.015523148148148149
0 0.5685546218487395 0.10891666666666666 0.0151484593837535 0.009097222222222222
4 0.4955406162464986 0.1731388888888889 0.018081232492997198 0.011240740740740742
4 0.3229383753501401 0.5924768518518518 0.05757422969187675 0.02997222222222222
4 0.30480392156862746 0.6542962962962963 0.05952380952380952 0.04228240740740741
0 0.32423249299719886 0.6711527777777778 0.0368515406162465 0.04924074074074074
2 0.3583921568627451 0.7535787037037037 0.05594957983193278 0.054592592592592595