3 0.5612608506944444 0.6032986111111112 0.08224609375 0.12731481481481483
3 0.7136957465277778 0.4058159722222222 0.08763454861111111 0.04774305555555555
2 0.5287152777777778 0.36747685185185186 0.04536675347222222 0.03761574074074074
4 0.6410047743055556 0.47236689814814814 0.06595269097222223 0.0708912037037037
4 0.14030598958333332 0.5844907407407407 0.045457899305555556 0.07523148148148148
4 0.4525607638888889 0.14945891203703704 0.046818576388888894 0.050193865740740744
4 0.7294227430555555 0.18880208333333334 0.14947265625 0.06510416666666667
4 0.41479600694444446 0.48466435185185186 0.06926215277777778 0.08969907407407407
0 0.45927734374999996 0.5620659722222222 0.0540625 0.0390625
2 0.32366102430555554 0.14973958333333334 0.04107421875 0.03616898148148148
2 0.3577973090277778 0.26643518518518516 0.07633246527777778 0.06021122685185185
2 0.1581618923611111 0.058203125 0.048111979166666666 0.015052083333333334
2 0.8067795138888889 0.41407118055555553 0.054186197916666665 0.057664930555555556