2 0.5221502976190476 0.43476521164021165 0.1872073412698413 0.16822751322751323
2 0.7741815476190477 0.5050727513227513 0.12395089285714285 0.10357473544973544
2 0.6850024801587301 0.5938194444444445 0.07639880952380954 0.06084986772486772
2 0.9529166666666666 0.5235085978835978 0.0732093253968254 0.07895833333333334
2 0.43125248015873013 0.6704133597883598 0.25914186507936504 0.31531746031746033
2 0.5228645833333333 0.8893088624338624 0.21462053571428572 0.22138227513227515
2 0.28349206349206346 0.49086640211640215 0.12820932539682542 0.11728835978835979
2 0.3874206349206349 0.41277116402116404 0.05994295634920635 0.08235119047619048
2 0.37561755952380954 0.5014616402116402 0.07436507936507936 0.12304894179894181
2 0.07991815476190477 0.4916468253968254 0.07985863095238095 0.07294973544973544
2 0.18912450396825395 0.5324503968253969 0.08001488095238095 0.0659755291005291
2 0.05755456349206349 0.6098710317460317 0.08969246031746031 0.11940806878306877
2 0.06050347222222222 0.7717261904761904 0.12100942460317461 0.17489748677248676
1 0.026195436507936508 0.7441699735449735 0.052390873015873016 0.11243386243386243
2 0.6345362103174603 0.2673015873015873 0.026723710317460316 0.02289351851851852
4 0.36028273809523814 0.048521825396825397 0.02054811507936508 0.021841931216931215
2 0.212140376984127 0.019117063492063494 0.054179067460317455 0.036967592592592594