0 0.680640625 0.4096296296296296 0.02597395833333333 0.018546296296296297
0 0.6960729166666667 0.39895833333333336 0.01575 0.026671296296296297
0 0.6859973958333333 0.38689351851851855 0.018687500000000003 0.018796296296296297
0 0.6433489583333334 0.3245277777777778 0.023125 0.012953703703703703
0 0.61484375 0.3297361111111111 0.022703125 0.016259259259259258
0 0.6142734375 0.4214398148148148 0.0235625 0.023370370370370368
0 0.8334609374999999 0.3412962962962963 0.023825520833333332 0.020069444444444445
0 0.8295364583333333 0.37775000000000003 0.026036458333333335 0.012194444444444444
4 0.8274609374999999 0.351962962962963 0.017255208333333334 0.014481481481481482
1 0.938421875 0.07811574074074074 0.016260416666666666 0.009907407407407406
1 0.7666614583333333 0.32960648148148153 0.0296875 0.020069444444444445
0 0.705859375 0.3538703703703704 0.01954166666666667 0.016259259259259258
2 0.7117916666666667 0.3726666666666667 0.034609375000000005 0.0315
4 0.6738541666666666 0.3611111111111111 0.02812239583333333 0.048013888888888884
4 0.7854479166666667 0.4455740740740741 0.012963541666666667 0.02235648148148148
4 0.44756510416666667 0.6517731481481481 0.049546875 0.04600925925925926
4 0.4185885416666667 0.8470694444444444 0.03904166666666666 0.04552777777777778
4 0.4309895833333333 0.5643148148148148 0.024481770833333336 0.048402777777777774
4 0.4113125 0.5374768518518519 0.027721354166666667 0.03977777777777778
4 0.4858411458333334 0.41862037037037036 0.02635677083333333 0.02060648148148148
4 0.53328125 0.42700925925925926 0.031734375 0.012458333333333333
4 0.3584817708333333 0.5015324074074073 0.04821875 0.043611111111111114
1 0.38638020833333336 0.3730925925925926 0.03500520833333333 0.042652777777777776
1 0.28287239583333335 0.41406944444444443 0.05875 0.02875462962962963
4 0.35969531250000003 0.3824398148148148 0.018838541666666667 0.024921296296296296
4 0.43476302083333335 0.4631898148148148 0.015317708333333334 0.02348148148148148
4 0.48503385416666667 0.31486574074074075 0.016653645833333335 0.01725462962962963
0 0.48274218750000003 0.2587916666666667 0.0099140625 0.015337962962962965
0 0.38638020833333336 0.32181481481481483 0.020450520833333333 0.012939814814814814
4 0.4924453125 0.3536851851851852 0.017997395833333332 0.030671296296296297
4 0.5490494791666667 0.37549074074074074 0.0228359375 0.013898148148148147
4 0.5416380208333333 0.3709351851851852 0.017716145833333332 0.01437962962962963