3 0.8334006076388889 0.018877314814814812 0.056484374999999996 0.024904513888888886
3 0.5023654513888889 0.17874131944444446 0.04993706597222222 0.04739583333333334
3 0.7180338541666667 0.34703993055555554 0.07759765625 0.05141203703703704
1 0.8291818576388889 0.716171875 0.05527994791666666 0.09559606481481481
4 0.9537912326388889 0.7651765046296296 0.09241536458333334 0.07310474537037037
4 0.5318836805555556 0.48119791666666667 0.05474826388888889 0.06105324074074074
1 0.5487521701388889 0.30366030092592594 0.054743923611111106 0.06426793981481482
1 0.5839930555555556 0.20002893518518516 0.06256727430555556 0.04337962962962963
2 0.43609592013888887 0.2586747685185185 0.07043402777777778 0.05623263888888889
0 0.3975434027777778 0.29040509259259256 0.024659288194444445 0.050610532407407406
2 0.5508615451388889 0.25546006944444444 0.03968315972222222 0.04337962962962963
2 0.1589453125 0.18958622685185186 0.059589843749999996 0.04337962962962963