2 0.18082093253968254 0.3649702380952381 0.11201140873015873 0.09868055555555556
2 0.11526537698412699 0.4792493386243386 0.08222718253968254 0.09214947089947091
2 0.03935019841269841 0.5329431216931216 0.07069196428571428 0.03845568783068783
2 0.3236532738095238 0.6047751322751322 0.11361111111111111 0.08053902116402117
2 0.43928323412698417 0.35082010582010587 0.06188988095238095 0.052966269841269835
2 0.4844419642857143 0.1483829365079365 0.09343998015873016 0.04281084656084656
2 0.16205109126984127 0.2927744708994709 0.07229414682539682 0.06748015873015874
4 0.22681051587301587 0.2474239417989418 0.06375248015873017 0.044986772486772485
2 0.06170386904761905 0.24969576719576722 0.07480406746031747 0.047063492063492064
2 0.11301091269841271 0.15404431216931216 0.04276785714285714 0.027453703703703702
2 0.16121527777777778 0.15883597883597883 0.024781746031746033 0.021352513227513224
4 0.2087624007936508 0.20415674603174602 0.024444444444444446 0.027453703703703702
2 0.27934771825396826 0.11874669312169311 0.03553819444444444 0.029196428571428575
2 0.043568948412698406 0.42748677248677247 0.05422123015873016 0.021789021164021163
4 0.012036210317460317 0.49633928571428576 0.02318452380952381 0.02614748677248677
4 0.3108779761904762 0.7185813492063491 0.08944940476190477 0.07059523809523809
2 0.03522073412698413 0.16667989417989418 0.07044146825396826 0.06767526455026456
2 0.10332093253968254 0.20903769841269842 0.09741071428571428 0.04110449735449735
2 0.18375992063492064 0.24488095238095237 0.04617311507936508 0.03759589947089947
2 0.28356646825396825 0.2574140211640211 0.09990823412698412 0.06466600529100529
2 0.28507688492063493 0.27445767195767196 0.030163690476190476 0.023561507936507936
4 0.15387648809523807 0.08246362433862434 0.029263392857142856 0.014537037037037038
2 0.39844494047619045 0.23986772486772487 0.13653769841269842 0.06566798941798942
2 0.07934771825396826 0.36519179894179893 0.08663194444444444 0.07485449735449735