2 0.7702554563492063 0.3029332010582011 0.09809771825396825 0.12183531746031746
2 0.476421130952381 0.2687533068783069 0.0444890873015873 0.03583994708994709
2 0.7381026785714286 0.9036871693121693 0.11646329365079365 0.15271164021164021
2 0.957328869047619 0.9087070105820105 0.08533978174603174 0.1825892857142857
4 0.8692261904761904 0.8873875661375662 0.14184275793650794 0.11791997354497354
2 0.2456125992063492 0.5101719576719577 0.09017609126984126 0.06643849206349206
4 0.4615128968253968 0.6870072751322752 0.04189236111111111 0.03357804232804233
2 0.6172470238095238 0.37077050264550265 0.0418625992063492 0.020836640211640212
2 0.6297247023809525 0.2824074074074074 0.02776041666666667 0.016583994708994708
2 0.7291170634920635 0.19046296296296297 0.07421626984126985 0.04683862433862433
1 0.7904935515873016 0.4213756613756614 0.027192460317460317 0.02587962962962963
2 0.9898412698412699 0.26719907407407406 0.020319940476190478 0.03162367724867725