4 0.7245598958333334 0.2629722222222222 0.011213541666666667 0.008763888888888889
4 0.9883203125000001 0.1587222222222222 0.009744791666666667 0.010643518518518517
1 0.990609375 0.20630555555555555 0.012911458333333332 0.009393518518518518
1 0.96965625 0.3002268518518519 0.0153828125 0.01690740740740741
4 0.4628802083333333 0.3324722222222222 0.014736979166666667 0.016277777777777776
4 0.48523958333333334 0.5669537037037037 0.039031249999999997 0.03193055555555555
4 0.39790885416666666 0.5760324074074075 0.023557291666666664 0.017532407407407406
4 0.3665677083333333 0.6921759259259259 0.029197916666666667 0.019412037037037037
0 0.27236718750000005 0.7231712962962963 0.019713541666666667 0.030055555555555558
0 0.44386458333333334 0.5275046296296296 0.017559895833333335 0.023166666666666665
2 0.38223697916666666 0.48086111111111113 0.0253203125 0.015027777777777779
4 0.07441666666666666 0.4880601851851852 0.018270833333333333 0.011898148148148147