2 0.11507440476190477 0.48197751322751325 0.21933531746031745 0.1636904761904762
2 0.21179563492063494 0.3298611111111111 0.08540178571428571 0.054563492063492064
2 0.27317708333333335 0.3860780423280423 0.04446924603174603 0.05787037037037037
2 0.38228918650793653 0.5224867724867724 0.054362599206349206 0.046296296296296294
2 0.6668477182539683 0.447255291005291 0.1646453373015873 0.08763227513227513
2 0.4951240079365079 0.5059523809523809 0.046894841269841274 0.036375661375661374
2 0.5558878968253969 0.5009920634920635 0.09199156746031746 0.06613756613756613
2 0.5937053571428572 0.5853174603174603 0.06100198412698413 0.046296296296296294
2 0.48273065476190474 0.7862103174603174 0.06469494047619048 0.06448412698412699
2 0.8292857142857143 0.5216600529100529 0.05797619047619047 0.04794973544973545
2 0.962470238095238 0.5042989417989417 0.031688988095238096 0.046296296296296294
2 0.9905034722222222 0.5286044973544973 0.018995535714285715 0.02641203703703704
4 0.9574454365079366 0.6293419312169313 0.01853174603174603 0.024146825396825396
2 0.8029563492063492 0.34032738095238096 0.0298859126984127 0.0407473544973545
2 0.8323809523809523 0.2561904761904762 0.06043650793650794 0.047539682539682535
4 0.8770882936507937 0.4297486772486772 0.05137152777777778 0.038485449735449734
2 0.925391865079365 0.7275661375661375 0.03136160714285714 0.026087962962962962
2 0.7590525793650794 0.4025462962962963 0.059647817460317464 0.03189814814814815