1 0.14023809523809525 0.8569510582010582 0.08596974206349206 0.13458333333333333
2 0.1555233134920635 0.8735185185185185 0.14713293650793652 0.17485780423280423
4 0.038112599206349206 0.8482837301587302 0.07622271825396824 0.17128968253968255
2 0.09857142857142857 0.7244047619047619 0.03934275793650793 0.07850859788359789
2 0.149796626984127 0.6043518518518518 0.06226686507936508 0.07187830687830689
2 0.01230406746031746 0.6994279100529102 0.02460813492063492 0.03568452380952381
2 0.14616567460317462 0.7509160052910053 0.04888640873015873 0.07239087301587302
2 0.24479166666666666 0.6408002645502645 0.08403025793650794 0.05913359788359788
2 0.3294667658730159 0.5758035714285714 0.11955853174603175 0.07799603174603174
2 0.1486483134920635 0.16593584656084656 0.05385664682539683 0.03415674603174603
4 0.288187003968254 0.1697585978835979 0.022470238095238095 0.01529431216931217
4 0.01695436507936508 0.572744708994709 0.019104662698412697 0.01070436507936508
2 0.5231200396825396 0.4763955026455026 0.17575892857142855 0.12693783068783068
2 0.3920039682539682 0.4850628306878307 0.05805059523809524 0.06576388888888889
2 0.4007936507936508 0.5602546296296297 0.07869295634920635 0.09991732804232803
2 0.5053397817460318 0.6757208994708995 0.2181969246031746 0.2584623015873016
2 0.6290625000000001 0.866792328042328 0.18586557539682538 0.26641534391534394
4 0.5950248015873015 0.698151455026455 0.023635912698412698 0.029057539682539685
2 0.6955629960317461 0.5740178571428571 0.06642361111111111 0.053019179894179896
2 0.7316865079365079 0.49041335978835976 0.09585069444444445 0.06831018518518518
2 0.8825198412698413 0.47674933862433866 0.06344742063492063 0.04888227513227513
2 0.572797619047619 0.32835317460317465 0.022532242063492063 0.01630952380952381
4 0.8269593253968255 0.38849537037037035 0.017100694444444446 0.02246031746031746