2 0.3323139880952381 0.6153042328042329 0.08068204365079365 0.05839285714285715
2 0.41728422619047617 0.5850165343915343 0.04874503968253968 0.0222255291005291
2 0.4086185515873016 0.660406746031746 0.056155753968253966 0.03791335978835979
4 0.37496031746031744 0.6449371693121693 0.06792658730158731 0.028759920634920635
2 0.4762624007936508 0.5723809523809524 0.1097296626984127 0.11286375661375661
2 0.04221974206349206 0.7604133597883597 0.08443948412698413 0.08889550264550264
0 0.07016369047619048 0.8325330687830688 0.1403249007936508 0.11722222222222223
2 0.9094742063492064 0.5386078042328042 0.07608134920634921 0.06013558201058201
2 0.6823313492063492 0.6375264550264551 0.025749007936507935 0.022658730158730156
2 0.605704365079365 0.5839285714285715 0.08109126984126984 0.02701719576719577
4 0.6143625992063493 0.5595238095238095 0.03763144841269841 0.013072089947089947