0 0.2480859375 0.9359768518518519 0.021674479166666667 0.03711111111111111
0 0.2934505208333333 0.7771342592592592 0.0305703125 0.04206018518518518
0 0.17475 0.8434398148148148 0.03143229166666667 0.04008333333333333
0 0.7386744791666667 0.42159722222222223 0.010838541666666666 0.014847222222222222
0 0.7293515625 0.3904212962962963 0.009447916666666667 0.01286574074074074
0 0.6095130208333334 0.3080324074074074 0.00803125 0.010393518518518519
0 0.6136874999999999 0.5757361111111111 0.014153645833333334 0.019296296296296298
4 0.6552942708333334 0.7358148148148148 0.020546875000000003 0.02375
2 0.33561979166666667 0.9515648148148149 0.047549479166666665 0.06037037037037037
4 0.19729947916666665 0.8768425925925926 0.0397890625 0.03859722222222223
4 0.1611015625 0.9876574074074075 0.04978125 0.024685185185185185
4 0.18127864583333334 0.8647175925925926 0.043932291666666665 0.04601851851851852
1 0.454890625 0.5274907407407408 0.05228385416666667 0.027708333333333335
1 0.4825833333333333 0.7241851851851852 0.036971354166666665 0.036125
4 0.9848411458333334 0.562375 0.018296875 0.02226851851851852
4 0.9931354166666666 0.5245231481481482 0.013729166666666666 0.02078240740740741
4 0.8405390625 0.41986574074074073 0.012486979166666667 0.017319444444444443
4 0.9192395833333333 0.351287037037037 0.011411458333333334 0.007902777777777778
4 0.9978619791666666 0.3493657407407407 0.004276041666666667 0.0072268518518518515
4 0.8719270833333332 0.31154166666666666 0.007739583333333333 0.006999999999999999
1 0.7062161458333333 0.2729398148148148 0.022270833333333333 0.004518518518518518
4 0.7697734374999999 0.43021296296296296 0.012088541666666668 0.005851851851851852