2 0.17996775793650793 0.8991038359788359 0.18104414682539682 0.14365410052910055
2 0.07371279761904762 0.7881481481481482 0.08004960317460318 0.043601190476190474
2 0.26318452380952384 0.700109126984127 0.047309027777777776 0.03074404761904762
2 0.32752728174603174 0.9270535714285714 0.06280257936507937 0.07098875661375662
2 0.2879141865079365 0.9798743386243386 0.05904017857142858 0.023475529100529097
2 0.03024801587301587 0.8032936507936508 0.028474702380952382 0.024130291005291005
2 0.4548933531746032 0.6837830687830688 0.09764632936507936 0.15858796296296296
2 0.6611904761904762 0.6830224867724868 0.06500496031746032 0.057539682539682536
2 0.5872792658730158 0.6720998677248677 0.0322594246031746 0.02291005291005291
2 0.3976934523809524 0.8705621693121693 0.1317906746031746 0.08950727513227513
2 0.39650049603174603 0.9795138888888889 0.05108382936507937 0.019712301587301587
2 0.9120436507936508 0.8756216931216931 0.17591517857142855 0.12520171957671958
4 0.8222420634920635 0.7975694444444444 0.09700644841269841 0.05541005291005291
2 0.7916790674603175 0.7000727513227513 0.059856150793650795 0.04155753968253968
2 0.6410540674603175 0.6140277777777777 0.07028025793650794 0.0633994708994709
2 0.567140376984127 0.7136574074074074 0.05751240079365079 0.04421957671957672
2 0.49360367063492067 0.8002347883597883 0.062281746031746035 0.08524470899470898
2 0.2680233134920635 0.1883366402116402 0.04027777777777778 0.03036706349206349
2 0.3359672619047619 0.7938392857142857 0.10743303571428572 0.08417989417989417
2 0.6967782738095237 0.7616071428571428 0.02349454365079365 0.018647486772486774
2 0.8022619047619047 0.7445568783068783 0.04106398809523809 0.01544973544973545
2 0.6959176587301588 0.7182705026455027 0.019469246031746032 0.02796957671957672
2 0.5572495039682539 0.8046560846560847 0.054109623015873014 0.052146164021164024
2 0.45008184523809525 0.7951554232804233 0.018519345238095238 0.04960978835978836
2 0.22312748015873016 0.6704265873015872 0.030225694444444444 0.014173280423280423
2 0.230577876984127 0.8741765873015874 0.06744791666666666 0.043230820105820106