2 0.8518551587301587 0.2924537037037037 0.2247842261904762 0.12042328042328043
2 0.7256522817460317 0.36442129629629627 0.10226438492063492 0.06365079365079365
2 0.7779166666666667 0.4174636243386244 0.1518923611111111 0.10436507936507937
2 0.9238789682539682 0.47480820105820104 0.1522420634920635 0.20643849206349205
2 0.7501760912698413 0.49029100529100533 0.1521701388888889 0.08716269841269841
2 0.711046626984127 0.5742989417989418 0.11606150793650793 0.0705324074074074
2 0.8114508928571429 0.8472585978835979 0.18354414682539683 0.20357142857142857
1 0.8308060515873016 0.8228869047619047 0.1207564484126984 0.15482804232804231
2 0.7161954365079365 0.748912037037037 0.07647073412698412 0.07225198412698414
2 0.628687996031746 0.7615277777777778 0.06402281746031746 0.10436507936507937
4 0.615562996031746 0.8977215608465609 0.19174355158730158 0.18292658730158728
2 0.5312946428571428 0.7494874338624338 0.04044394841269841 0.04014219576719577
2 0.592780257936508 0.5568088624338624 0.06876488095238095 0.09060515873015873
2 0.3807291666666666 0.6385251322751323 0.06957837301587302 0.06938492063492063
2 0.33772569444444445 0.7836044973544973 0.09969246031746032 0.0992063492063492
2 0.19946924603174604 0.8297685185185184 0.16466517857142857 0.22020171957671958
4 0.4327604166666667 0.7205291005291006 0.0816046626984127 0.06938492063492063
2 0.4183581349206349 0.576306216931217 0.025277777777777777 0.017202380952380955
4 0.582108134920635 0.8034755291005291 0.016297123015873015 0.017060185185185185
2 0.11125 0.08316798941798942 0.0847420634920635 0.04635582010582011
2 0.30648561507936506 0.036097883597883594 0.02966269841269841 0.017248677248677246
2 0.7788566468253968 0.15166997354497352 0.025570436507936507 0.015833333333333335
2 0.8352554563492064 0.11604497354497355 0.03961557539682539 0.02958333333333333
2 0.9901388888888888 0.2468253968253968 0.01972470238095238 0.0337037037037037