2 0.6922619047619047 0.5960648148148148 0.2501984126984127 0.3058862433862434
2 0.9148387896825397 0.3728505291005291 0.08275545634920635 0.0710978835978836
2 0.9547123015873016 0.24305555555555555 0.09057539682539682 0.05952380952380952
2 0.7040426587301587 0.3166335978835979 0.19687748015873013 0.13392857142857142
2 0.496359126984127 0.49272486772486773 0.11633184523809524 0.08928571428571429
2 0.5781969246031746 0.4679232804232804 0.0766344246031746 0.11904761904761904
2 0.5744766865079365 0.382771164021164 0.06919890873015873 0.05787037037037037
2 0.848841765873016 0.8048015873015872 0.2381299603174603 0.32057870370370367
2 0.7696676587301587 0.5819576719576719 0.030776289682539683 0.04244708994708995
2 0.42957589285714287 0.5685548941798941 0.09284474206349207 0.06702050264550265
2 0.3043477182539683 0.5936871693121692 0.060205853174603176 0.0726058201058201
2 0.318172123015873 0.7003604497354496 0.029208829365079365 0.09606150793650794
2 0.3625719246031746 0.7087400793650793 0.04619047619047619 0.08154100529100529
2 0.3692633928571428 0.8595337301587301 0.12301339285714286 0.19994378306878308
2 0.13974950396825397 0.690866402116402 0.056056547619047624 0.06143518518518518
2 0.2189112103174603 0.7126488095238096 0.023368055555555555 0.03350859788359788
2 0.0648139880952381 0.8218584656084656 0.05160962301587302 0.09325396825396826
2 0.07200396825396825 0.7580158730158729 0.029384920634920635 0.029196428571428575
2 0.015419146825396825 0.8033366402116402 0.03083829365079365 0.0727744708994709
4 0.24665426587301587 0.841931216931217 0.11246279761904762 0.16320767195767197
1 0.34231150793650794 0.8481580687830688 0.0708110119047619 0.14682208994708995
2 0.2840873015873016 0.12884589947089947 0.05217013888888889 0.04411044973544973
4 0.42510664682539684 0.08183531746031746 0.019057539682539683 0.017410714285714286
2 0.7605406746031746 0.10000992063492063 0.023998015873015876 0.02197420634920635