0 0.22943229166666665 0.4575601851851852 0.025947916666666668 0.026236111111111113
1 0.2086015625 0.5859768518518519 0.029611979166666667 0.03076388888888889
1 0.3072682291666667 0.5423981481481481 0.045656249999999995 0.04028703703703704
2 0.3414609375 0.6724120370370371 0.05223958333333333 0.05566666666666666
1 0.2611276041666667 0.6855925925925926 0.0431953125 0.06592129629629628
3 0.3898671875 0.6844953703703703 0.029570312499999998 0.028564814814814817
3 0.4036692708333333 0.5043055555555556 0.018442708333333332 0.03149537037037037
3 0.375859375 0.5090694444444444 0.046052083333333334 0.023439814814814816
2 0.3591770833333333 0.49442129629629633 0.023398437499999997 0.02050925925925926
4 0.25845052083333336 0.4186064814814815 0.0328984375 0.013916666666666666
4 0.22302083333333333 0.41568055555555555 0.013130208333333334 0.019777777777777776
4 0.3270442708333333 0.4079861111111111 0.01598958333333333 0.02050925925925926
4 0.3282786458333333 0.3801527777777778 0.020109375 0.013185185185185185
2 0.44548437500000004 0.3768564814814815 0.028734375 0.013916666666666666
3 0.48935677083333334 0.574625 0.0266640625 0.028564814814814817
0 0.7207291666666666 0.5306759259259259 0.0155859375 0.016847222222222222