4 0.6900677083333334 0.32839814814814816 0.026236979166666667 0.02710648148148148
4 0.7343359374999999 0.49989814814814815 0.03384895833333333 0.04274537037037037
4 0.5554973958333334 0.6901574074074074 0.03623697916666667 0.07714814814814815
4 0.4687135416666666 0.6755648148148148 0.06675 0.12510648148148149
1 0.19019270833333335 0.4237916666666667 0.0750234375 0.05317129629629629
1 0.556375 0.3800046296296296 0.061450520833333334 0.06776388888888889
1 0.42209895833333333 0.46236574074074077 0.041546875 0.049
1 0.8961692708333333 0.3325694444444445 0.0455390625 0.0417037037037037
0 0.5971328124999999 0.41024074074074074 0.032963541666666665 0.03440277777777778
0 0.4886510416666667 0.49625 0.03508072916666667 0.029189814814814814
0 0.6742343749999999 0.5765231481481481 0.04383333333333333 0.0375324074074074
0 0.7727421875 0.5666203703703704 0.023872395833333334 0.049
0 0.8510208333333333 0.6031064814814815 0.034994791666666664 0.0635925925925926
0 0.5103515625 0.7011064814814816 0.03997916666666667 0.061509259259259264
0 0.47868489583333335 0.708925925925926 0.037429687499999996 0.04795833333333333
0 0.37489843749999996 0.7005833333333333 0.0480078125 0.04795833333333333
4 0.30746875 0.6051944444444445 0.019877604166666667 0.03649074074074074
2 0.46255989583333335 0.3893888888888889 0.045054687499999996 0.049