2 0.25659970238095237 0.28368386243386245 0.14604414682539682 0.06369047619047619
2 0.38168154761904766 0.2966898148148148 0.04671130952380952 0.02494378306878307
4 0.130625 0.3307903439153439 0.04376488095238095 0.037417328042328044
2 0.1483953373015873 0.4407175925925926 0.10923611111111112 0.049973544973544975
2 0.12277529761904761 0.7339252645502645 0.06883184523809523 0.05057539682539682
2 0.04749503968253968 0.7717063492063492 0.054184027777777775 0.047863756613756615
2 0.08169146825396825 0.8207738095238095 0.05800595238095238 0.0370271164021164
2 0.2107093253968254 0.6875661375661375 0.11284722222222222 0.06803571428571428
2 0.2878050595238095 0.6384986772486773 0.07783730158730158 0.03913359788359788
2 0.2821626984126984 0.7008134920634921 0.0665500992063492 0.052982804232804236
2 0.3741765873015873 0.6636342592592592 0.07131200396825396 0.04846560846560847
2 0.46063988095238095 0.7501818783068783 0.08890128968253969 0.09813822751322751
2 0.44066468253968255 0.6774834656084656 0.07604414682539683 0.06652777777777778
2 0.5611011904761906 0.7623743386243387 0.10559027777777778 0.09723544973544974
2 0.49936011904761907 0.860813492063492 0.05887152777777778 0.06291666666666666
2 0.44449900793650793 0.8240873015873016 0.10268105158730159 0.08760251322751324
4 0.4690029761904762 0.9133432539682539 0.07221478174603176 0.06321759259259259
4 0.6760267857142856 0.9022056878306878 0.12547123015873016 0.09031084656084656
4 0.38647073412698413 0.7446130952380953 0.07874007936507937 0.09603174603174602
4 0.23804315476190474 0.7438591269841269 0.03656001984126984 0.04515542328042328
2 0.06901537698412698 0.9445006613756614 0.13803075396825396 0.10987764550264549
2 0.8478621031746032 0.8350760582010582 0.03519593253968254 0.07525793650793651
2 0.937936507936508 0.7223379629629629 0.12412698412698413 0.13877645502645503
2 0.9807192460317461 0.739646164021164 0.038559027777777775 0.10355489417989418
2 0.9835416666666666 0.8606613756613756 0.03291418650793651 0.058399470899470896
2 0.06732142857142857 0.6529464285714286 0.13464285714285715 0.11319113756613758
2 0.333077876984127 0.7111970899470899 0.025687003968253967 0.023783068783068784
2 0.5742088293650793 0.8904662698412699 0.06678075396825396 0.04876653439153439
4 0.5767981150793651 0.6095998677248677 0.07873511904761904 0.06201388888888889
1 0.43841765873015875 0.6208862433862433 0.026845238095238096 0.029199735449735448
4 0.6415203373015873 0.32624007936507937 0.030064484126984127 0.027645502645502643
2 0.5389186507936509 0.3228207671957672 0.036765873015873016 0.02669973544973545