2 0.16158234126984128 0.8151455026455027 0.034575892857142854 0.046296296296296294
2 0.7902207341269841 0.8201058201058201 0.14354166666666665 0.09259259259259259
2 0.7463640873015873 0.7414186507936509 0.08576388888888889 0.056335978835978844
2 0.21614583333333334 0.9409755291005292 0.06369295634920635 0.04296626984126985
2 0.32927827380952385 0.5375628306878306 0.05793650793650793 0.04201058201058201
3 0.01322420634920635 0.3263293650793651 0.0264484126984127 0.025863095238095237
4 0.039280753968253965 0.32252645502645505 0.0325297619047619 0.01673611111111111
4 0.5010441468253969 0.3495304232804233 0.051215277777777776 0.01749669312169312
2 0.41633184523809524 0.39630952380952383 0.0769047619047619 0.044120370370370365
2 0.1901512896825397 0.35865740740740737 0.06841021825396824 0.02662367724867725
2 0.2004166666666667 0.3788161375661376 0.1608110119047619 0.06846230158730159
2 0.15136656746031746 0.3464880952380952 0.03418650793650794 0.022060185185185183
2 0.17760416666666667 0.2970436507936508 0.07182787698412699 0.03270833333333333
2 0.4331622023809524 0.26433531746031746 0.06948660714285715 0.029666005291005288