0 0.6412630208333333 0.8064629629629629 0.03934635416666667 0.07518518518518519
4 0.2671796875 0.9728657407407407 0.026466145833333333 0.05312962962962963
4 0.3630234375 0.4881898148148148 0.04223177083333333 0.032078703703703706
4 0.399671875 0.4606203703703704 0.04673177083333333 0.017041666666666667
2 0.4481588541666667 0.6099861111111111 0.06363541666666667 0.07317592592592592
4 0.507640625 0.3313055555555556 0.0281015625 0.03307870370370371
4 0.5600755208333333 0.48968981481481483 0.03147135416666667 0.029069444444444443
4 0.5857317708333334 0.5302916666666667 0.029989583333333333 0.04009722222222222
4 0.7340338541666667 0.5217685185185185 0.04691666666666667 0.03708796296296296
1 0.6263359375 0.5002175925925926 0.05121875 0.048115740740740744
1 0.6116770833333334 0.1704166666666667 0.06249739583333334 0.04611111111111111
0 0.6948411458333333 0.4375648148148148 0.023575520833333332 0.047115740740740736
0 0.770109375 0.20099074074074075 0.016229166666666666 0.035083333333333334
2 0.8160572916666666 0.6465740740740741 0.049481770833333334 0.05412962962962963
0 0.4007760416666667 0.4942037037037037 0.023002604166666666 0.04410648148148148