4 0.46961197916666664 0.8169861111111112 0.036947916666666664 0.034291666666666665
4 0.40549739583333333 0.5333796296296296 0.026536458333333336 0.02502314814814815
4 0.3747421875 0.5899166666666666 0.016119791666666668 0.038
4 0.38403645833333333 0.4037453703703704 0.021593750000000002 0.020587962962962964
4 0.4854192708333333 0.37492129629629634 0.011791666666666667 0.01875925925925926
4 0.5030494791666666 0.36577314814814815 0.02655208333333333 0.03156944444444444
4 0.4590442708333333 0.6745833333333333 0.023890625 0.04803703703703704
4 0.5444713541666667 0.665662037037037 0.037765625000000004 0.04117592592592593
4 0.5556692708333333 0.6960879629629629 0.03763020833333333 0.05718981481481482
4 0.5474322916666666 0.5149166666666667 0.019494791666666667 0.020587962962962964
4 0.550390625 0.4602453703703704 0.014606770833333334 0.04117592592592593
4 0.5426744791666667 0.4337083333333333 0.042 0.013726851851851851
4 0.5125651041666667 0.44423148148148145 0.0141015625 0.04025925925925926
1 0.5300677083333334 0.3653148148148148 0.03221875 0.03431481481481482
1 0.6019817708333334 0.39322222222222225 0.028747395833333335 0.026078703703703705
2 0.5506484374999999 0.4181574074074074 0.0326171875 0.029277777777777778
0 0.5723932291666666 0.46619444444444447 0.025796875 0.029277777777777778
0 0.5959348958333333 0.4497222222222222 0.015625 0.03660185185185185
0 0.6174244791666667 0.4524675925925926 0.023234374999999998 0.03385648148148148
0 0.5869296875 0.43943055555555555 0.019744791666666664 0.02516203703703704
0 0.6353046875 0.3236805555555555 0.0145859375 0.022416666666666668
0 0.4553151041666667 0.35433333333333333 0.016945312499999997 0.015097222222222222
0 0.5370260416666667 0.5677592592592592 0.0280234375 0.027449074074074074
0 0.5500234375 0.5393935185185185 0.016497395833333334 0.031111111111111114
0 0.7377317708333333 0.4110648148148148 0.0197421875 0.019671296296296298
0 0.7611484374999999 0.3458703703703704 0.014075520833333332 0.030194444444444444
0 0.860359375 0.3513611111111111 0.015888020833333332 0.024703703703703703
0 0.8747708333333333 0.3342037037037037 0.017052083333333336 0.019671296296296298
4 0.7221822916666666 0.29989351851851853 0.0112890625 0.016925925925925928
4 0.6761223958333333 0.29508796296296297 0.014903645833333333 0.019212962962962963
1 0.8104401041666667 0.19947222222222222 0.02001822916666667 0.011893518518518519
1 0.25783072916666666 0.4434768518518518 0.06823177083333333 0.04327777777777778
2 0.3780546875 0.46794444444444444 0.031578125 0.03235648148148148
0 0.3799895833333334 0.4914027777777778 0.018239583333333333 0.03478240740740741