0 0.34920833333333334 0.4351851851851852 0.024182291666666668 0.027777777777777776
1 0.37355468750000004 0.5400972222222222 0.040640625 0.04265740740740741
1 0.3309244791666667 0.5667592592592593 0.039364583333333335 0.03808796296296296
1 0.41982812500000005 0.6558842592592593 0.038057291666666666 0.060939814814814815
1 0.109421875 0.5218148148148147 0.03941666666666667 0.025898148148148146
3 0.202390625 0.5263842592592592 0.052247395833333335 0.044180555555555556
3 0.49930468749999996 0.5187685185185185 0.0161875 0.033518518518518524
3 0.5316510416666667 0.47229629629629627 0.031177083333333334 0.03808796296296296
3 0.6319088541666668 0.5621898148148148 0.0268671875 0.028949074074074075
3 0.5162291666666666 0.7137824074074074 0.026895833333333334 0.027425925925925927
2 0.5404348958333334 0.5983703703703703 0.04188541666666667 0.05865740740740741
2 0.5571458333333333 0.38393518518518516 0.023028645833333337 0.022851851851851852
4 0.30714583333333334 0.37860185185185186 0.022661458333333332 0.022851851851851852
4 0.25808854166666667 0.3930740740740741 0.032526041666666665 0.018282407407407407
3 0.4277552083333333 0.4422083333333333 0.0196328125 0.02209259259259259
4 0.44125000000000003 0.4875324074074074 0.038908854166666666 0.033518518518518524
4 0.8350390625 0.5484768518518519 0.014057291666666666 0.021328703703703704