3 0.3038359375 0.37772222222222224 0.03016927083333333 0.03499537037037037
3 0.2972447916666667 0.4721064814814815 0.0201875 0.05137962962962963
3 0.5596302083333333 0.4558611111111111 0.03846875 0.020120370370370372
3 0.40295312499999997 0.4338564814814815 0.030015625 0.029185185185185186
2 0.37918229166666667 0.5922314814814815 0.02452864583333333 0.020199074074074074
1 0.44371354166666666 0.31013425925925925 0.0155390625 0.02876851851851852
0 0.35710156249999997 0.3026111111111111 0.007020833333333334 0.013037037037037038
4 0.52615625 0.35571296296296295 0.04652604166666666 0.027819444444444445
1 0.2904635416666667 0.4317407407407407 0.028161458333333333 0.025032407407407406
2 0.31524479166666663 0.4092546296296296 0.016835937500000002 0.026375
4 0.31303906249999996 0.3884722222222222 0.027583333333333335 0.022476851851851852