1 0.5768204365079365 0.7715310846560847 0.03374255952380953 0.0578505291005291
3 0.23587301587301587 0.09299272486772486 0.071515376984127 0.03361111111111111
3 0.09875248015873016 0.14207010582010582 0.02651289682539683 0.031372354497354496
2 0.1839484126984127 0.2007771164021164 0.05438740079365079 0.03854166666666667
2 0.19638392857142858 0.03293981481481482 0.038251488095238095 0.022857142857142857
2 0.19525545634920635 0.9175992063492064 0.10714037698412698 0.11798280423280422
2 0.2819196428571429 0.804156746031746 0.09967757936507936 0.1409292328042328
2 0.47109375000000003 0.6239616402116401 0.058400297619047616 0.03657738095238095
2 0.6659548611111111 0.6833961640211641 0.09150049603174604 0.06508597883597883
2 0.48115575396825394 0.806656746031746 0.05320188492063492 0.05556547619047619
2 0.5594345238095237 0.7484358465608466 0.03509176587301587 0.03092261904761905
1 0.780094246031746 0.8380621693121694 0.06402777777777778 0.05073412698412698
1 0.6340749007936508 0.6283664021164022 0.04739335317460318 0.025608465608465608
2 0.4838740079365079 0.934457671957672 0.09197916666666667 0.10726521164021165
4 0.7023536706349206 0.4137136243386243 0.030654761904761903 0.0387797619047619
2 0.6087400793650793 0.33201719576719574 0.03035218253968254 0.026144179894179893
4 0.9075595238095239 0.5137103174603175 0.046961805555555555 0.02527116402116402
2 0.4944444444444444 0.028885582010582007 0.021473214285714286 0.028019179894179895
2 0.47813244047619047 0.7496296296296296 0.02324652777777778 0.01966931216931217
2 0.9060590277777778 0.921904761904762 0.027609126984126982 0.02473214285714286
2 0.7404786706349207 0.7379596560846561 0.021187996031746033 0.0311276455026455
2 0.7219246031746033 0.6394477513227513 0.024945436507936507 0.027407407407407405
2 0.611078869047619 0.747390873015873 0.04676587301587302 0.04427579365079365