0 0.34719791666666666 0.30497685185185186 0.01944791666666667 0.03356481481481482
3 0.4392109375 0.3605555555555555 0.019109374999999998 0.03191666666666666
3 0.42115104166666667 0.459712962962963 0.06736458333333334 0.06492592592592593
3 0.42573958333333334 0.5512916666666666 0.043291666666666666 0.06337962962962963
3 0.481390625 0.700763888888889 0.07319791666666667 0.05733333333333333
3 0.33820052083333335 0.5763333333333334 0.06227083333333334 0.07329629629629629
1 0.4660286458333333 0.524287037037037 0.0355234375 0.03974537037037037
4 0.410640625 0.40729166666666666 0.020536458333333334 0.029328703703703704
2 0.37811458333333337 0.364587962962963 0.0453203125 0.05473148148148148
2 0.1594453125 0.18359722222222222 0.02637760416666667 0.027606481481481482
3 0.17527604166666666 0.5055046296296297 0.028916666666666667 0.07535648148148148
1 0.14535416666666665 0.5290648148148148 0.04187239583333333 0.05010648148148148