2 0.05637152777777778 0.48334986772486777 0.1127405753968254 0.0821957671957672
2 0.06753224206349207 0.5998941798941799 0.135062003968254 0.13398148148148148
2 0.25410714285714286 0.7146197089947091 0.07936011904761905 0.05798280423280423
2 0.26407242063492065 0.6727248677248677 0.04472718253968254 0.031517857142857146
2 0.17215525793650793 0.9283531746031747 0.09115575396825397 0.10978174603174604
2 0.4163417658730159 0.9362896825396826 0.06726190476190476 0.08260251322751322
2 0.556951884920635 0.5313624338624339 0.06747519841269842 0.03310515873015873
2 0.508735119047619 0.49342923280423284 0.027542162698412698 0.050115740740740745
4 0.13413194444444446 0.3767228835978836 0.028680555555555556 0.02458664021164021
2 0.7352777777777777 0.606494708994709 0.08437499999999999 0.045869708994709
1 0.7304191468253969 0.5729067460317461 0.021262400793650795 0.026104497354497352
2 0.5438318452380952 0.7108465608465608 0.03480654761904762 0.06153769841269841
2 0.828343253968254 0.5437599206349206 0.028606150793650795 0.01851190476190476
2 0.2754290674603175 0.5634391534391534 0.058018353174603174 0.05498346560846561
2 0.23564732142857142 0.5315443121693122 0.03859623015873016 0.030128968253968255
2 0.29712549603174604 0.47890211640211644 0.029851190476190476 0.020710978835978836
1 0.32099950396825394 0.49537037037037035 0.02212797619047619 0.014163359788359788
2 0.1775892857142857 0.3563624338624339 0.024310515873015873 0.03110780423280423
2 0.9527752976190477 0.5203373015873016 0.027197420634920633 0.017777777777777778
1 0.5403720238095239 0.27506283068783066 0.022668650793650796 0.013865740740740741