2 0.24089285714285713 0.6627248677248677 0.10511656746031746 0.10117394179894179
2 0.137921626984127 0.7796263227513228 0.15423363095238096 0.10202380952380952
2 0.374781746031746 0.9544279100529101 0.10125992063492063 0.0911441798941799
2 0.5198313492063492 0.6601752645502645 0.061059027777777775 0.05866402116402117
2 0.42571180555555554 0.5788161375661376 0.04649305555555556 0.017919973544973544
2 0.3661309523809524 0.5543253968253968 0.10026041666666667 0.06451058201058202
2 0.24137896825396826 0.5835945767195767 0.08908978174603174 0.0680952380952381
2 0.13431795634920637 0.6552744708994709 0.09001240079365079 0.06451058201058202
4 0.04607638888888889 0.7732473544973546 0.030902777777777776 0.02449074074074074
2 0.09019593253968254 0.4444146825396826 0.11466021825396826 0.07167989417989418
2 0.13924851190476192 0.5292361111111111 0.060446428571428575 0.041812169312169314
2 0.1992733134920635 0.4324702380952381 0.038931051587301584 0.033449074074074076
2 0.24608630952380953 0.43426256613756614 0.025032242063492065 0.01552910052910053
2 0.3468725198412698 0.41036706349206353 0.046510416666666665 0.025089285714285717
4 0.30700396825396825 0.5331216931216931 0.06175099206349206 0.035241402116402115
4 0.2861780753968254 0.493098544973545 0.023680555555555555 0.03166005291005291
2 0.5614360119047619 0.4554662698412698 0.09035962301587301 0.04241071428571429
2 0.35067956349206353 0.6119675925925926 0.057708333333333334 0.023296957671957674
2 0.01425595238095238 0.7100958994708995 0.02851190476190476 0.02699404761904762
2 0.02865079365079365 0.6136044973544973 0.01961309523809524 0.02256283068783069
2 0.011989087301587303 0.7419246031746032 0.023980654761904762 0.03263558201058201
2 0.10674851190476191 0.7119080687830688 0.059174107142857146 0.014503968253968253
1 0.18651537698412698 0.6655753968253968 0.010210813492063493 0.013697089947089947
2 0.2579017857142857 0.5228736772486773 0.04202628968253968 0.03053902116402116
4 0.23870039682539684 0.3611541005291006 0.027249503968253968 0.01605820105820106
4 0.20269345238095238 0.48496362433862433 0.06059523809523809 0.03812830687830688
2 0.3695659722222222 0.570515873015873 0.025386904761904763 0.017668650793650792