2 0.9525744047619048 0.6285780423280423 0.09484871031746032 0.09334325396825396
2 0.9421478174603174 0.7308564814814815 0.11570188492063492 0.1330621693121693
2 0.8376587301587302 0.6861706349206349 0.10929811507936509 0.10525793650793651
2 0.7300496031746032 0.7328439153439154 0.17857638888888888 0.18668650793650793
2 0.6451612103174603 0.724401455026455 0.09370535714285715 0.07646164021164022
2 0.5610168650793651 0.7209259259259259 0.044575892857142856 0.029791666666666668
3 0.3569766865079365 0.8256911375661375 0.06100694444444444 0.06454695767195767
2 0.28920882936507936 0.8311507936507937 0.09974702380952381 0.0774537037037037
2 0.3148958333333334 0.7517096560846561 0.1094295634920635 0.07348214285714286
4 0.24713789682539683 0.7502215608465609 0.033482142857142856 0.05858796296296296
2 0.407609126984127 0.6588624338624339 0.14142113095238096 0.0983068783068783
2 0.5394171626984127 0.4831018518518519 0.10266617063492063 0.06255952380952381
2 0.4846850198412698 0.5282837301587302 0.10193452380952381 0.0635515873015873
2 0.5092559523809524 0.8867592592592592 0.1346949404761905 0.12313492063492064
2 0.3707490079365079 0.881795634920635 0.1213219246031746 0.11121693121693121
2 0.43516369047619047 0.7427744708994709 0.0937549603174603 0.04369378306878307
2 0.4258655753968254 0.793912037037037 0.06039186507936508 0.05858796296296296
2 0.8283506944444444 0.8594510582010582 0.09812996031746032 0.07844907407407407
2 0.9206919642857143 0.8356216931216931 0.07427827380952381 0.08837962962962963
2 0.9024479166666667 0.9831018518518518 0.07949404761904762 0.03379960317460317
2 0.9125024801587301 0.36840608465608465 0.04896081349206349 0.051636904761904766
2 0.678673115079365 0.5491369047619047 0.08178323412698413 0.07546957671957671
2 0.571436011904762 0.6285780423280423 0.1562748015873016 0.11717592592592592
2 0.8812202380952381 0.561547619047619 0.12641369047619047 0.0903637566137566
4 0.8503224206349206 0.49402447089947094 0.054188988095238096 0.03872685185185185
2 0.7974503968253969 0.46324074074074073 0.05122271825396826 0.0705026455026455
4 0.9658060515873016 0.5113822751322752 0.0296453373015873 0.02046626984126984
2 0.9160367063492063 0.49153439153439155 0.06500744047619048 0.0874537037037037
2 0.9831671626984128 0.4930853174603174 0.03366567460317461 0.024808201058201057
2 0.9764236111111111 0.5557275132275132 0.04715525793650793 0.037215608465608466
2 0.8306894841269842 0.45246031746031745 0.057120535714285714 0.04279761904761904
2 0.7232514880952381 0.40346230158730156 0.0535515873015873 0.024189814814814817
2 0.7223139880952381 0.510760582010582 0.06737847222222222 0.0713260582010582
2 0.6430109126984127 0.4599041005291005 0.10600198412698413 0.07008597883597883
2 0.6737103174603175 0.9511276455026455 0.03901785714285714 0.03535383597883598
2 0.5972891865079365 0.5198478835978836 0.11213541666666667 0.07591931216931218
4 0.5969171626984127 0.39614417989417994 0.06441468253968255 0.03784722222222223
4 0.5557366071428571 0.36961309523809527 0.027095734126984128 0.015221560846560848
4 0.6985664682539682 0.3949107142857143 0.03199900793650794 0.0271494708994709