2 0.5151370614035088 0.47210160818713454 0.03546326754385965 0.04264254385964912
1 0.8616529605263158 0.4701206140350877 0.04575109649122807 0.0316922514619883
1 0.5776946271929824 0.47178728070175435 0.07083607456140352 0.0483735380116959
1 0.39381853070175443 0.5207200292397661 0.04837445175438596 0.03614035087719298
1 0.22448190789473682 0.48346491228070176 0.06417214912280701 0.04281432748538012
0 0.2872395833333333 0.7706542397660819 0.03038377192982456 0.05894005847953216
0 0.5023958333333334 0.5590862573099415 0.03867324561403509 0.026133040935672515
0 0.5543092105263158 0.49708698830409354 0.0340734649122807 0.024466374269005848
0 0.5661924342105262 0.6536111111111111 0.046995614035087716 0.030581140350877195
0 0.7288404605263158 0.6841922514619884 0.02700109649122807 0.04948464912280701
0 0.6202192982456141 0.6730701754385965 0.034117324561403505 0.04281432748538012
4 0.6348135964912281 0.5891118421052631 0.025773026315789472 0.03836622807017544
4 0.6723410087719298 0.4462134502923976 0.024931469298245613 0.023910818713450292
4 0.5356195175438596 0.7252229532163743 0.05598410087719298 0.07188230994152046