2 0.887155257936508 0.8039186507936509 0.1417534722222222 0.15378968253968253
2 0.587579365079365 0.7003439153439154 0.06839285714285714 0.02616732804232804
2 0.2792311507936508 0.60682208994709 0.05851190476190476 0.03758267195767196
2 0.026999007936507936 0.7502810846560847 0.05399801587301587 0.16556216931216933
2 0.027881944444444445 0.5964219576719576 0.0506671626984127 0.05838293650793651
2 0.3854761904761905 0.4725198412698413 0.12715277777777775 0.07029100529100529
2 0.36250992063492066 0.5383002645502646 0.09775049603174603 0.06219246031746031
2 0.48087549603174606 0.5566732804232805 0.04843998015873016 0.02544312169312169
2 0.43687251984126985 0.4158134920634921 0.029875992063492063 0.023525132275132275
2 0.7698511904761904 0.39469907407407406 0.06618551587301588 0.031746031746031744
2 0.8582316468253968 0.43333333333333335 0.029107142857142856 0.021944444444444444
2 0.9568452380952381 0.5591236772486773 0.04037698412698413 0.04387566137566138
2 0.07800595238095237 0.8871064814814815 0.04226934523809524 0.02095899470899471
2 0.8921949404761904 0.9226818783068783 0.11238095238095239 0.06216269841269841