2 0.47341765873015873 0.6084656084656085 0.12005208333333334 0.09259259259259259
2 0.33498015873015874 0.3339351851851852 0.05659722222222222 0.04452380952380952
2 0.42182291666666666 0.24263558201058202 0.0539360119047619 0.024014550264550266
2 0.4336383928571429 0.4147321428571429 0.06706101190476191 0.03501984126984127
2 0.04625744047619047 0.31006944444444445 0.021391369047619048 0.023650793650793648
2 0.018055555555555554 0.3131911375661376 0.028053075396825396 0.01937830687830688
2 0.01396329365079365 0.3486640211640211 0.0279265873015873 0.023978174603174605
2 0.07507688492063491 0.34767857142857145 0.015962301587301587 0.011494708994708993
2 0.12223958333333333 0.2093948412698413 0.03441468253968254 0.02134920634920635
2 0.0755654761904762 0.26047288359788356 0.04551835317460318 0.017080026455026456
2 0.03936755952380952 0.22811838624338626 0.03229910714285714 0.01937830687830688
2 0.008050595238095239 0.23501653439153442 0.016101190476190477 0.028578042328042327
4 0.7435218253968254 0.9115542328042328 0.05334077380952381 0.02300595238095238
4 0.7184895833333332 0.9788888888888888 0.031049107142857142 0.04096230158730159
2 0.8927108134920635 0.4925925925925926 0.02617559523809524 0.015621693121693122
2 0.5211036706349207 0.4328042328042328 0.04038442460317461 0.010968915343915345
2 0.637624007936508 0.4908465608465608 0.022517361111111113 0.01736772486772487
2 0.5423313492063492 0.42258597883597887 0.00984375 0.012794312169312169
2 0.31573412698412695 0.48834325396825395 0.013382936507936509 0.01064814814814815
2 0.4980381944444444 0.5403637566137566 0.024583333333333336 0.014371693121693122