4 0.21554067460317458 0.6439087301587302 0.1888640873015873 0.2571494708994709
2 0.27130952380952383 0.870079365079365 0.07113343253968255 0.08365079365079366
2 0.3435391865079365 0.7902017195767196 0.029605654761904764 0.03440476190476191
2 0.5486607142857143 0.7638227513227513 0.05105902777777778 0.03440476190476191
2 0.1786185515873016 0.42606481481481484 0.09888144841269841 0.06422619047619048
2 0.2624751984126984 0.4742361111111111 0.10488095238095238 0.04472883597883598
2 0.31580853174603174 0.48742394179894183 0.09724454365079364 0.07339947089947091
1 0.02931299603174603 0.9250462962962963 0.044585813492063496 0.06576388888888889
4 0.10419642857142858 0.9141666666666667 0.028975694444444443 0.02369378306878307
4 0.06902033730158731 0.3036739417989418 0.04638888888888889 0.052225529100529106
4 0.09712549603174604 0.8757242063492063 0.05254712301587302 0.060929232804232805
4 0.11380208333333335 0.9634887566137567 0.09678323412698413 0.0730191798941799
4 0.32502480158730157 0.9491534391534391 0.04971974206349206 0.022860449735449734
2 0.031750992063492064 0.3039021164021164 0.06349950396825396 0.08830357142857143