2 0.07031994047619047 0.6519212962962964 0.14063988095238095 0.13504960317460318
2 0.33243799603174606 0.6519113756613757 0.10265873015873016 0.11059193121693121
2 0.17650049603174603 0.7878406084656084 0.08090277777777778 0.02601851851851852
2 0.2540848214285714 0.7582175925925926 0.07265128968253969 0.0987334656084656
2 0.4821502976190476 0.9695899470899471 0.07156994047619047 0.060820105820105816
2 0.027857142857142855 0.966901455026455 0.05571428571428571 0.06451719576719576
2 0.3028497023809524 0.3986441798941799 0.04348214285714286 0.03411375661375661
2 0.23337549603174604 0.49943783068783065 0.06611855158730158 0.040952380952380955
2 0.3416443452380952 0.5689153439153439 0.10567460317460317 0.07243055555555555
2 0.16800595238095237 0.41292328042328047 0.07952380952380952 0.05974206349206349
2 0.2127703373015873 0.6681448412698413 0.12773561507936507 0.12630621693121694
2 0.0720014880952381 0.7901719576719577 0.14400049603174603 0.05874669312169312
4 0.10207093253968254 0.7501190476190477 0.03345982142857143 0.02474206349206349
4 0.02741815476190476 0.8676157407407408 0.05483630952380952 0.07581349206349206
4 0.41472222222222227 0.5143915343915344 0.055223214285714285 0.034242724867724866
4 0.38429811507936507 0.4697255291005291 0.023410218253968253 0.029775132275132277
4 0.570749007936508 0.9872189153439153 0.07472470238095238 0.02556216931216931
2 0.6385763888888888 0.6413128306878306 0.05851934523809524 0.04987433862433862
2 0.11602926587301587 0.5717096560846561 0.036247519841269844 0.02084325396825397
2 0.4412202380952381 0.377718253968254 0.04504464285714286 0.019242724867724867
2 0.6653869047619048 0.427688492063492 0.09228670634920635 0.04717592592592593
2 0.3383655753968254 0.5021759259259259 0.08049107142857144 0.036001984126984125
2 0.4824404761904762 0.558042328042328 0.026924603174603174 0.017380952380952382
2 0.3509375 0.40627314814814813 0.025558035714285714 0.014275793650793652
2 0.5955580357142857 0.5068320105820107 0.1406969246031746 0.07759259259259259
2 0.4763764880952381 0.5378670634920635 0.1032514880952381 0.0664186507936508
2 0.4358779761904762 0.4695866402116402 0.08650297619047619 0.0664186507936508
2 0.2955332341269841 0.4621395502645503 0.05813988095238095 0.04903769841269841
2 0.358608630952381 0.46555224867724865 0.03904017857142857 0.023587962962962963
2 0.06060515873015873 0.5316600529100529 0.12121031746031746 0.09745701058201058
4 0.02086061507936508 0.9208630952380953 0.040456349206349204 0.024209656084656084