2 0.6714980158730158 0.5342890211640212 0.12544890873015874 0.11375
2 0.9023536706349207 0.4909920634920635 0.1952951388888889 0.16604166666666667
2 0.8384176587301587 0.7228902116402116 0.2691443452380953 0.31238095238095237
2 0.905610119047619 0.9187136243386244 0.1604737103174603 0.1625760582010582
4 0.9154935515873016 0.7733300264550265 0.02316220238095238 0.04088624338624339
2 0.46898065476190476 0.5362962962962963 0.06763640873015872 0.05198743386243387
2 0.30375 0.5325 0.054635416666666665 0.03459325396825397
4 0.31431051587301584 0.5718849206349207 0.05922619047619048 0.044748677248677246
2 0.22480654761904761 0.6063624338624339 0.06375 0.07940476190476191
2 0.1344717261904762 0.5988888888888889 0.13605406746031748 0.12081018518518517
4 0.361515376984127 0.7450496031746032 0.12277529761904761 0.14064484126984128
1 0.43637400793650793 0.7825727513227513 0.08509672619047619 0.13042658730158732
2 0.4550148809523809 0.7928604497354498 0.14883184523809526 0.1583531746031746
2 0.46645337301587303 0.6430654761904763 0.08738343253968253 0.1020271164021164
2 0.5913640873015873 0.5729960317460318 0.07265624999999999 0.06329365079365079