4 0.5491096230158731 0.5927050264550264 0.04914186507936508 0.034272486772486774
2 0.43749255952380955 0.8415443121693121 0.17694196428571426 0.17825066137566137
2 0.3475892857142857 0.8375628306878307 0.09363095238095237 0.08090608465608465
2 0.6740500992063492 0.7135648148148148 0.14700644841269842 0.09558531746031747
2 0.8417906746031746 0.9443121693121693 0.09854166666666667 0.1019973544973545
2 0.676217757936508 0.8159656084656085 0.11212053571428571 0.12293981481481481
2 0.5357266865079365 0.950218253968254 0.09724454365079364 0.08419642857142857
2 0.07328125 0.7942824074074074 0.08019593253968255 0.0802744708994709
2 0.1292782738095238 0.7993584656084657 0.10341765873015873 0.100109126984127
2 0.03830605158730158 0.882910052910053 0.07661458333333333 0.1011276455026455
2 0.23803075396825396 0.6084953703703704 0.10567708333333332 0.06714616402116402
2 0.34187748015873015 0.5635615079365079 0.11127976190476191 0.074619708994709
2 0.547703373015873 0.7770436507936509 0.11976934523809525 0.1073776455026455
2 0.28450396825396823 0.7413921957671957 0.19022073412698412 0.13572089947089946
2 0.18420386904761907 0.6641335978835978 0.11991319444444444 0.08522817460317461
2 0.3920262896825397 0.6526884920634921 0.06383184523809524 0.046607142857142854
2 0.42562003968253964 0.6186044973544974 0.06443948412698412 0.052417328042328036
2 0.43455853174603176 0.5793055555555555 0.03332093253968254 0.02384589947089947
2 0.4943874007936508 0.5704695767195767 0.046820436507936505 0.06643518518518518
2 0.5437624007936508 0.6408201058201058 0.04677083333333334 0.04176587301587301
2 0.5977380952380952 0.6565906084656085 0.08482638888888888 0.08031415343915344
2 0.6107242063492063 0.5848908730158731 0.06788194444444444 0.07920304232804233
2 0.6021899801587302 0.4742956349206349 0.04380208333333334 0.04155753968253968
2 0.5297767857142857 0.553505291005291 0.05663690476190476 0.038111772486772486
2 0.3676587301587302 0.9104199735449736 0.04897321428571429 0.06999669312169311
2 0.12437996031746032 0.9412433862433863 0.06876488095238095 0.06737433862433863
2 0.130719246031746 0.8856481481481481 0.0903249007936508 0.04920634920634921
2 0.2075421626984127 0.9770039682539683 0.12324404761904763 0.045995370370370374
2 0.2336855158730159 0.9341468253968255 0.07793650793650794 0.05083664021164021
2 0.2656125992063492 0.8499702380952381 0.04705853174603175 0.025535714285714287
2 0.21878968253968253 0.88135582010582 0.08824900793650793 0.05246362433862434
2 0.31338541666666664 0.6314087301587302 0.0872420634920635 0.05258597883597884
2 0.17091517857142857 0.5734920634920635 0.0511954365079365 0.028402777777777777
3 0.05858878968253968 0.9737334656084656 0.05957093253968254 0.052533068783068786
2 0.06021577380952381 0.957556216931217 0.06159474206349206 0.044437830687830686
2 0.10744295634920635 0.9887632275132275 0.0524156746031746 0.022470238095238095
4 0.5938839285714286 0.889917328042328 0.023534226190476192 0.029196428571428575
1 0.4172792658730159 0.7286805555555557 0.03617559523809524 0.015869708994708995
4 0.6804315476190477 0.9353174603174603 0.09412202380952381 0.02458994708994709
2 0.6275967261904761 0.9131150793650794 0.07208333333333333 0.08985119047619047
2 0.6714260912698413 0.6402050264550264 0.04897321428571429 0.030773809523809526
2 0.6778000992063492 0.5860515873015874 0.03960069444444444 0.02400462962962963
2 0.4223834325396825 0.5140145502645503 0.04718005952380952 0.030479497354497356
2 0.13078373015873018 0.6129728835978836 0.042393353174603174 0.03322751322751323