2 0.8623363095238096 0.3867261904761905 0.14401537698412697 0.05019510582010582
2 0.841500496031746 0.46795634920634915 0.07157490079365078 0.04425925925925926
2 0.9445560515873015 0.5553935185185185 0.07338789682539681 0.08392526455026454
2 0.9088640873015873 0.7726157407407407 0.04220238095238095 0.09521164021164022
2 0.7710689484126984 0.9809887566137567 0.11466021825396826 0.03802248677248678
4 0.6203348214285714 0.9330621693121693 0.11045882936507936 0.05218915343915344
2 0.5148611111111111 0.6791666666666667 0.18512152777777777 0.08040013227513228
2 0.017296626984126984 0.8568022486772486 0.03459325396825397 0.10535383597883598
4 0.8639930555555555 0.7868154761904762 0.03711805555555556 0.02131283068783069
2 0.04902777777777778 0.9814748677248677 0.053730158730158725 0.037050264550264556
2 0.9887450396825397 0.37177579365079366 0.022509920634920636 0.021610449735449733