4 0.3502408854166667 0.5070891203703703 0.06602213541666667 0.07957175925925926
2 0.2921940104166667 0.3884548611111111 0.10183810763888888 0.0853587962962963
1 0.8319552951388889 0.3515625 0.06156684027777778 0.05497685185185185
4 0.9171245659722221 0.16420717592592593 0.027916666666666663 0.044849537037037035
2 0.26344401041666665 0.7414641203703703 0.09859157986111111 0.09693287037037036
2 0.2010590277777778 0.7964409722222222 0.10620008680555555 0.0853587962962963
2 0.46904296874999996 0.8506944444444444 0.058398437500000004 0.03761574074074074
2 0.46795789930555554 0.9447337962962963 0.03670138888888889 0.026041666666666668
2 0.2471723090277778 0.5338541666666666 0.06604600694444444 0.06076388888888889
2 0.17936414930555555 0.43258101851851855 0.051957465277777774 0.06365740740740741
2 0.1831618923611111 0.3783275462962963 0.04002387152777778 0.05642361111111111
4 0.13867621527777776 0.46296296296296297 0.07041449652777779 0.078125
2 0.5368511284722222 0.7971643518518519 0.0659765625 0.06944444444444445
2 0.5487868923611111 0.9628182870370371 0.0464453125 0.04195601851851852
4 0.8140538194444444 0.91796875 0.05614800347222223 0.053530092592592594
4 0.9621506076388889 0.6770833333333334 0.018138020833333334 0.10127314814814815
2 0.40665798611111115 0.5548321759259259 0.08336805555555556 0.09693287037037036
2 0.17176866319444445 0.5403645833333334 0.04761935763888889 0.05642361111111111