2 0.1907316468253968 0.5946395502645503 0.08885664682539682 0.07048280423280423
2 0.03636656746031746 0.5403769841269841 0.0638045634920635 0.05146494708994709
2 0.47011656746031744 0.8620304232804233 0.12570436507936508 0.10852182539682541
2 0.5796106150793651 0.9816402116402116 0.025838293650793653 0.03671957671957672
2 0.8434722222222223 0.9336342592592592 0.053462301587301586 0.045869708994709
2 0.1361904761904762 0.9448214285714285 0.2046502976190476 0.10628637566137566
2 0.3480406746031746 0.622609126984127 0.12657242063492063 0.08614748677248676
2 0.2805034722222222 0.6623247354497355 0.10225942460317461 0.0850297619047619
2 0.42355406746031743 0.7221825396825398 0.08964037698412698 0.07496031746031746
2 0.2521155753968254 0.7820734126984126 0.10266865079365078 0.07300595238095238
2 0.2828844246031746 0.7465410052910053 0.033377976190476194 0.029074074074074075
2 0.3022718253968254 0.7988723544973545 0.06546378968253969 0.03811838624338624
2 0.2857886904761905 0.8854464285714286 0.08085813492063491 0.04587301587301587
2 0.3674280753968254 0.8524966931216931 0.0716344246031746 0.057499999999999996
2 0.4061904761904762 0.7840145502645504 0.04352430555555556 0.04328703703703704
2 0.6821106150793651 0.9339021164021164 0.054603174603174605 0.11047949735449734
2 0.3148611111111111 0.9371329365079365 0.043060515873015875 0.044580026455026456
2 0.26882688492063495 0.9574206349206349 0.15450644841269842 0.08515542328042328
2 0.3822048611111111 0.5149239417989419 0.07114583333333334 0.05814814814814815
1 0.4895238095238095 0.4079960317460317 0.028000992063492065 0.026488095238095238
1 0.3085615079365079 0.5811441798941799 0.06631944444444444 0.07171296296296296