4 0.16778025793650794 0.21081349206349206 0.06681299603174602 0.054563492063492064
3 0.927859623015873 0.7184193121693122 0.05175347222222222 0.1207010582010582
2 0.898720238095238 0.8713624338624338 0.07531994047619048 0.07936507936507936
2 0.8617857142857143 0.9248974867724867 0.06118799603174603 0.05984126984126984
2 0.6218998015873016 0.951739417989418 0.06454365079365079 0.04488095238095238
2 0.19968501984126985 0.6011574074074074 0.04392361111111111 0.029325396825396827
2 0.13615575396825397 0.7882407407407407 0.04964037698412699 0.051590608465608465
2 0.15326636904761906 0.7714054232804233 0.05624751984126984 0.02769510582010582
2 0.19561507936507938 0.8748578042328042 0.02437748015873016 0.02606812169312169
2 0.1811532738095238 0.937579365079365 0.0964608134920635 0.06788029100529101
2 0.7652331349206349 0.9370932539682539 0.14568948412698413 0.1258101851851852