0 0.36838541666666663 0.48218055555555556 0.014552083333333334 0.028444444444444442
0 0.5364661458333334 0.5621666666666667 0.026557291666666667 0.030111111111111113
0 0.5549453124999999 0.5457407407407407 0.0161171875 0.02698611111111111
0 0.5695703125 0.4994027777777778 0.025010416666666667 0.028939814814814814
0 0.5801276041666666 0.4765231481481481 0.015768229166666665 0.025421296296296296
0 0.5947578124999999 0.4913842592592593 0.014807291666666667 0.03089351851851852
0 0.4381484375 0.35900462962962965 0.016463541666666668 0.010166666666666668
4 0.47048177083333337 0.38266666666666665 0.014255208333333333 0.016814814814814814
4 0.4896197916666667 0.37425925925925924 0.023140625 0.03363425925925926
4 0.49885416666666665 0.4690925925925926 0.028765625 0.023856481481481482
4 0.5324010416666667 0.4677222222222222 0.03876822916666667 0.021898148148148146
4 0.5459270833333334 0.4906018518518519 0.015674479166666665 0.030111111111111113
4 0.5630833333333333 0.53225 0.0126015625 0.022680555555555558
4 0.5575807291666667 0.6480092592592592 0.03227083333333333 0.04614814814814815
4 0.5740833333333334 0.6796851851851852 0.038117187500000003 0.05866203703703703
4 0.4751015625 0.6501574074074074 0.023492187499999997 0.0527962962962963
4 0.3695234375 0.4184490740740741 0.020877604166666668 0.020337962962962964
4 0.39811718749999997 0.5107407407407407 0.023070312500000002 0.03128703703703704
4 0.3746927083333333 0.5623611111111111 0.018018229166666667 0.03754166666666667
4 0.5101822916666666 0.791337962962963 0.035580729166666665 0.03089351851851852
1 0.24346614583333331 0.446412037037037 0.06705208333333333 0.025421296296296296
1 0.8048932291666666 0.18966203703703705 0.020919270833333333 0.014944444444444444
1 0.5928411458333334 0.3913935185185185 0.030020833333333333 0.03333333333333333
1 0.51478125 0.37357870370370366 0.0310546875 0.027587962962962963
2 0.5424140625 0.44973148148148145 0.024859375 0.04080555555555555
0 0.62484375 0.34915277777777776 0.015143229166666666 0.020115740740740743
0 0.7578619791666666 0.373 0.013494791666666667 0.02299074074074074
0 0.73571875 0.4227175925925926 0.019643229166666668 0.016666666666666666
0 0.8585546875 0.36208333333333337 0.013794270833333334 0.02299074074074074
0 0.870515625 0.3428287037037037 0.01659375 0.021263888888888888
4 0.6647656249999999 0.31351851851851853 0.016104166666666666 0.020115740740740743
4 0.7103437499999999 0.3158148148148148 0.012859375000000001 0.020115740740740743
0 0.6175703124999999 0.4954212962962963 0.014822916666666667 0.025287037037037035