4 0.21722916666666667 0.3863194444444445 0.055187499999999994 0.040101851851851854
4 0.23375520833333333 0.9749907407407408 0.0420625 0.050018518518518525
4 0.9234635416666667 0.933050925925926 0.04797395833333333 0.07485648148148148
4 0.7345052083333333 0.3297314814814815 0.024963541666666665 0.024953703703703704
2 0.5347682291666668 0.4152824074074074 0.02751822916666667 0.09089814814814814
0 0.5686015624999999 0.2472962962962963 0.0209921875 0.04544907407407407
0 0.46660416666666665 0.5039537037037037 0.0295390625 0.06683796296296296
0 0.33023437499999997 0.5213333333333333 0.02849479166666667 0.06950925925925926
0 0.26833333333333337 0.3907777777777778 0.024 0.04544907407407407
2 0.2723411458333333 0.4589490740740741 0.0661015625 0.06059722222222222
1 0.31043489583333334 0.03208333333333333 0.04303645833333333 0.04990740740740741
1 0.4560416666666667 0.37250925925925926 0.04450520833333334 0.04634259259259259
4 0.703171875 0.49994444444444447 0.02245052083333333 0.05703240740740741
4 0.6933984375000001 0.2958657407407408 0.02997135416666667 0.023171296296296294
0 0.4863359375 0.7291296296296297 0.0306796875 0.045125