0 0.3048854166666667 0.4554398148148148 0.024664062499999997 0.028935185185185185
2 0.3578255208333333 0.4956296296296296 0.043289062499999996 0.043472222222222225
2 0.128484375 0.3269490740740741 0.0273203125 0.023240740740740742
3 0.18690364583333335 0.5958842592592593 0.020460937499999998 0.05648148148148148
3 0.32505208333333335 0.7100231481481482 0.07410156250000001 0.05088425925925926
3 0.41758072916666666 0.6933055555555555 0.03520052083333333 0.06118055555555556
3 0.4237682291666667 0.5693287037037037 0.0618984375 0.06586574074074074
3 0.5322890625 0.7997407407407408 0.07060416666666666 0.07067592592592592
1 0.4559244791666667 0.6527962962962963 0.03376302083333334 0.04299074074074074
1 0.13152604166666668 0.6090046296296296 0.057416666666666664 0.043111111111111114
3 0.42510416666666667 0.497875 0.0216015625 0.03305555555555556