0 0.5688307291666667 0.5276574074074074 0.025549479166666667 0.043125000000000004
0 0.5114036458333333 0.7420185185185185 0.02627604166666667 0.058347222222222224
0 0.3576640625 0.7401157407407408 0.045575520833333334 0.04185648148148148
0 0.2599296875 0.6544953703703704 0.032757812500000004 0.053273148148148146
0 0.47609114583333334 0.13001388888888887 0.012731770833333333 0.013953703703703704
1 0.4499375 0.10535648148148148 0.0347890625 0.018523148148148146
1 0.379609375 0.36556481481481484 0.05043229166666666 0.030680555555555555
4 0.4024036458333333 0.1965324074074074 0.009403645833333333 0.011000000000000001
1 0.42502864583333333 0.6266435185185185 0.04619010416666667 0.059625
2 0.299515625 0.7354722222222222 0.0563125 0.06309722222222222
4 0.23096614583333333 0.6411157407407407 0.04880989583333333 0.03299537037037037
2 0.5482890625 0.7285231481481481 0.0400234375 0.09551388888888888
4 0.7005 0.6029074074074074 0.027940104166666667 0.02489351851851852
4 0.7571510416666667 0.743287037037037 0.028578125 0.05673148148148149
4 0.7649661458333333 0.6469027777777777 0.016205729166666665 0.02952314814814815
4 0.9099140625000001 0.06413425925925927 0.0107578125 0.009912037037037037