4 0.8530546875 0.9375 0.049234375000000004 0.09722222222222222
4 0.6972552083333333 0.5462962962962963 0.04666666666666666 0.043208333333333335
4 0.2914895833333333 0.8865740740740741 0.03721614583333333 0.04475462962962963
4 0.5683411458333333 0.5413842592592593 0.03651302083333333 0.02940740740740741
4 0.5144609375 0.5061805555555555 0.028005208333333333 0.04099537037037037
4 0.46784635416666664 0.3337407407407407 0.02901822916666667 0.031189814814814816
2 0.42223437500000005 0.5819305555555556 0.0651171875 0.05703240740740741
0 0.3696067708333333 0.47231944444444446 0.023026041666666667 0.03921296296296296
0 0.6560546875 0.44914814814814813 0.021455729166666666 0.04634259259259259
0 0.7322421875 0.18536111111111112 0.015421875 0.02851851851851852
1 0.5753567708333333 0.1733333333333333 0.063578125 0.040101851851851854
1 0.6182109375 0.5182129629629629 0.048028645833333335 0.03831944444444444
0 0.6648255208333332 0.7806620370370371 0.033984375 0.06416203703703705
2 0.8044166666666667 0.6501064814814815 0.053497395833333336 0.056143518518518516