1 0.2637916666666667 0.4510972222222222 0.06931250000000001 0.038092592592592595
1 0.5561276041666667 0.37340740740740735 0.038234375 0.04511111111111111
1 0.6411171875 0.40699074074074076 0.02890625 0.030074074074074073
1 0.844796875 0.18194444444444444 0.020125 0.015037037037037036
1 0.7080729166666667 0.2987268518518518 0.011700520833333334 0.022055555555555557
0 0.39346875000000003 0.49871296296296297 0.018539062499999998 0.03307870370370371
0 0.5893906250000001 0.5092407407407408 0.02695052083333333 0.032078703703703706
0 0.6133567708333333 0.498212962962963 0.015338541666666667 0.034083333333333334
0 0.6094062499999999 0.48317592592592595 0.028638020833333333 0.018041666666666668
0 0.6471822916666666 0.5077361111111112 0.030882812500000002 0.029069444444444443
0 0.7808046875 0.4230277777777778 0.021830729166666667 0.018041666666666668
0 0.8055651041666666 0.3599537037037037 0.015963541666666668 0.022208333333333333
0 0.669453125 0.3308055555555555 0.014528645833333333 0.026064814814814815
0 0.5462604166666666 0.5458287037037037 0.024143229166666665 0.017041666666666667
0 0.5640234375 0.5698888888888889 0.028294270833333336 0.029069444444444443
0 0.4760677083333333 0.36388425925925927 0.014572916666666666 0.022055555555555557
4 0.38839583333333333 0.43455555555555553 0.02305208333333333 0.029069444444444443
4 0.39205989583333334 0.564875 0.016848958333333334 0.029069444444444443
4 0.5231458333333333 0.38042592592592595 0.0241484375 0.031074074074074077
4 0.7652994791666666 0.3042222222222222 0.011122395833333333 0.018518518518518517
2 0.3889583333333333 0.47264814814814815 0.035455729166666665 0.023055555555555555
4 0.48762500000000003 0.6325416666666667 0.021901041666666666 0.052125000000000005
4 0.5042578125 0.7260046296296296 0.03486458333333333 0.03762037037037037
4 0.5924921875 0.6560972222222222 0.0387890625 0.047115740740740736
4 0.5518984375 0.5062314814814814 0.026395833333333334 0.034083333333333334
4 0.5552812500000001 0.4756574074074074 0.03879947916666667 0.025060185185185185
4 0.5344218749999999 0.5302916666666667 0.015125 0.018041666666666668
0 0.9142526041666666 0.3679953703703704 0.017729166666666667 0.023240740740740742
2 0.575734375 0.45016666666666666 0.036484375 0.032462962962962964