2 0.14993055555555554 0.34515873015873016 0.07624255952380952 0.04279761904761904
2 0.2917956349206349 0.34702050264550266 0.04086061507936508 0.03411375661375661
2 0.1696999007936508 0.3798941798941799 0.031123511904761904 0.019226190476190477
2 0.2276041666666667 0.5337103174603175 0.10134176587301588 0.07008597883597883
2 0.1485391865079365 0.7309457671957672 0.0353125 0.037833994708994706
2 0.08086805555555555 0.7287731481481481 0.058159722222222224 0.0396957671957672
2 0.16853670634920634 0.8335912698412699 0.05298363095238095 0.047136243386243386
2 0.042023809523809526 0.9474041005291005 0.07254712301587302 0.04527777777777777
4 0.07760664682539684 0.894375 0.053469742063492066 0.05085978835978836
2 0.7283457341269841 0.46920634920634924 0.05618055555555556 0.06636574074074074
2 0.5714905753968254 0.5044543650793651 0.10348214285714286 0.06715939153439153
2 0.5061334325396826 0.5346395502645502 0.06671378968253969 0.05659722222222222
2 0.4365302579365079 0.6116104497354498 0.05654513888888889 0.04905092592592593
2 0.5740401785714286 0.7195171957671959 0.08480654761904761 0.07319775132275132
2 0.7121279761904762 0.6772619047619047 0.13366071428571427 0.124510582010582
4 0.8162524801587302 0.6274570105820106 0.12349950396825396 0.1365839947089947
2 0.662876984126984 0.5806712962962963 0.18551339285714286 0.06263227513227514
2 0.840858134920635 0.9470337301587302 0.06154017857142857 0.042258597883597884
4 0.810014880952381 0.9081712962962962 0.09154017857142857 0.02490079365079365
2 0.5132068452380952 0.795734126984127 0.06841021825396824 0.03546626984126984
2 0.40342509920634917 0.9477876984126985 0.04127232142857143 0.04376653439153439
2 0.2158531746031746 0.9265806878306878 0.06731646825396825 0.061660052910052915
2 0.26155505952380953 0.8838558201058202 0.08524553571428571 0.020876322751322753
4 0.7054811507936508 0.9470072751322751 0.08025545634920635 0.07592261904761904
2 0.02161706349206349 0.5072354497354498 0.043236607142857146 0.013964947089947088