1 0.8315054563492064 0.4343981481481481 0.13764632936507937 0.07831679894179895
3 0.8718501984126985 0.8453736772486772 0.09646825396825397 0.07026455026455027
2 0.839469246031746 0.8911210317460317 0.043787202380952385 0.04171957671957672
2 0.7014310515873016 0.8058498677248677 0.04657242063492063 0.039523809523809524
2 0.5861631944444444 0.9182010582010581 0.11356646825396825 0.07538690476190477
2 0.5782043650793651 0.9706283068783068 0.12070436507936508 0.058743386243386236
2 0.5038392857142857 0.9595568783068782 0.03455357142857143 0.045380291005291
2 0.632249503968254 0.8139021164021163 0.03885912698412699 0.023422619047619046
2 0.3583556547619048 0.9028306878306878 0.1695684523809524 0.12515873015873016
2 0.06327876984126984 0.9302777777777778 0.078953373015873 0.05855489417989418
2 0.5326165674603175 0.8636739417989417 0.017450396825396824 0.019031084656084656
2 0.6295114087301588 0.551871693121693 0.06192956349206349 0.020492724867724868
2 0.7272098214285715 0.6832539682539682 0.05202132936507937 0.022688492063492063
2 0.5781894841269842 0.5551653439153439 0.04821180555555555 0.006587301587301588
2 0.49722470238095234 0.6741038359788359 0.05206349206349206 0.040988756613756616