0 0.24852604166666667 0.5416666666666666 0.03462239583333333 0.040125
2 0.47011458333333334 0.23810648148148145 0.0334375 0.03815277777777778
3 0.5740182291666667 0.32469444444444445 0.04659114583333333 0.021023148148148145
3 0.3216171875 0.2511851851851852 0.04302604166666667 0.04083333333333333
3 0.3133151041666667 0.7617592592592592 0.0472734375 0.0972962962962963
3 0.6382135416666667 0.5812962962962962 0.0248203125 0.07014351851851851
4 0.4238984375 0.5751898148148149 0.03625 0.01898611111111111
1 0.4434635416666667 0.761287037037037 0.042703124999999995 0.0698425925925926
1 0.24622135416666666 0.7770787037037037 0.056299479166666666 0.05199074074074074
3 0.44825 0.2825324074074074 0.016130208333333333 0.01636111111111111
2 0.20313541666666665 0.3371574074074074 0.0396484375 0.01834259259259259