2 0.05704861111111111 0.2556283068783069 0.11409970238095238 0.03284060846560847
2 0.02304315476190476 0.14974867724867724 0.04608630952380952 0.02205687830687831
2 0.08668898809523809 0.21763888888888888 0.020181051587301588 0.012744708994708994
2 0.012013888888888888 0.22891203703703705 0.024027777777777776 0.012744708994708994
2 0.1359126984126984 0.6811970899470899 0.05510912698412698 0.029639550264550264
2 0.3397891865079365 0.47627645502645505 0.039729662698412695 0.02861772486772487
1 0.6759250992063491 0.759021164021164 0.026250000000000002 0.019150132275132275
4 0.825047123015873 0.8649900793650793 0.02956597222222222 0.04085648148148148
4 0.20967013888888889 0.2658234126984127 0.04964781746031746 0.03251653439153439
4 0.3390600198412698 0.25017526455026456 0.04504464285714286 0.02967261904761905
4 0.38890376984126984 0.26135251322751324 0.0436656746031746 0.018697089947089948
4 0.12158730158730159 0.21106150793650794 0.014223710317460317 0.008855820105820107