1 0.2887161458333333 0.4592361111111111 0.0679921875 0.040657407407407406
1 0.6795260416666667 0.4003333333333333 0.02978645833333333 0.03127777777777778
1 0.5775 0.37374999999999997 0.047403645833333334 0.03857407407407407
1 0.8563124999999999 0.19391203703703705 0.023296874999999998 0.016680555555555556
4 0.5722213541666666 0.45402314814814815 0.03802083333333333 0.03231944444444444
4 0.5742786458333333 0.4868657407407408 0.03175520833333333 0.039615740740740736
4 0.6299791666666666 0.6802546296296296 0.03155729166666667 0.07193518518518519
4 0.6068177083333333 0.6448101851851852 0.046223958333333336 0.02397685185185185
4 0.513 0.7871157407407408 0.03334635416666667 0.039615740740740736
4 0.511828125 0.6766064814814815 0.026309895833333333 0.05838425925925926
2 0.4185963541666667 0.46705555555555556 0.03923177083333333 0.029189814814814814
4 0.406578125 0.43421759259259257 0.011674479166666666 0.03023148148148148
4 0.4306171875 0.5999814814814814 0.016359375 0.03649074074074074
4 0.5215052083333334 0.384175925925926 0.016338541666666668 0.021893518518518517
4 0.7317135416666667 0.30389814814814814 0.009838541666666667 0.026064814814814815
4 0.7865390624999999 0.32475000000000004 0.0115859375 0.02397685185185185
0 0.6965312499999999 0.34143055555555557 0.009846354166666666 0.02397685185185185
0 0.9299010416666668 0.3784398148148148 0.013309895833333333 0.02502314814814815
0 0.9489583333333333 0.3581111111111111 0.013890625 0.026064814814814815
0 0.8261171875 0.37687499999999996 0.0156796875 0.02397685185185185
0 0.8006093750000001 0.4164953703703704 0.019791666666666666 0.019810185185185184
0 0.6833385416666666 0.4910370370370371 0.030372395833333333 0.03336111111111111
0 0.6461041666666667 0.4842592592592593 0.016895833333333332 0.03649074074074074
0 0.6296875 0.46497222222222223 0.027453125000000002 0.016680555555555556
0 0.6241145833333334 0.49312037037037043 0.02921354166666667 0.02710648148148148
0 0.6050598958333333 0.5640138888888889 0.0286328125 0.03127777777777778
0 0.5733958333333333 0.5296111111111111 0.01573958333333333 0.03336111111111111
0 0.41977083333333337 0.5051111111111111 0.014604166666666666 0.04274537037037037
0 0.49980729166666665 0.37010185185185185 0.018690104166666666 0.014597222222222223
4 0.5484765625 0.5087592592592592 0.0198515625 0.022935185185185183
4 0.5997812499999999 0.4347361111111111 0.0391875 0.02710648148148148