0 0.5656979166666667 0.2474722222222222 0.018187500000000002 0.03646759259259259
0 0.46932552083333334 0.5123101851851851 0.031234374999999998 0.05441666666666667
0 0.32766666666666666 0.5293888888888889 0.031205729166666665 0.0700462962962963
0 0.27394531250000004 0.4069537037037037 0.0240546875 0.047467592592592596
1 0.4544088541666667 0.39893055555555557 0.04596354166666667 0.05175462962962963
1 0.30280729166666664 0.030726851851851852 0.04357552083333334 0.04205092592592592
4 0.22609635416666668 0.401625 0.04298697916666667 0.03126851851851852
4 0.22094010416666665 0.9372083333333333 0.0484453125 0.12558796296296296
4 0.6754479166666666 0.3083611111111111 0.0295390625 0.04097222222222222
4 0.7252031250000001 0.3527222222222222 0.020770833333333336 0.02660648148148148
4 0.6851614583333333 0.5057083333333333 0.02361197916666667 0.06436111111111112
2 0.5364583333333334 0.4192962962962963 0.023942708333333333 0.054125
4 0.9091145833333333 0.9009907407407408 0.049335937499999996 0.07640740740740741
2 0.27464583333333337 0.46773148148148147 0.05996875 0.047712962962962964
0 0.4798359375 0.7260787037037036 0.03890625 0.05709722222222222