4 0.8261119791666667 0.6677453703703703 0.027398437499999997 0.04691203703703704
4 0.770296875 0.623837962962963 0.028088541666666668 0.0330925925925926
4 0.28631510416666667 0.7197314814814815 0.049713541666666666 0.034027777777777775
4 0.45713020833333334 0.23991203703703706 0.0091953125 0.015314814814814814
1 0.5086692708333334 0.1473888888888889 0.03262239583333333 0.013194444444444444
1 0.4231067708333333 0.4373842592592593 0.038408854166666666 0.039990740740740736
1 0.46820052083333336 0.6763657407407407 0.05259114583333333 0.051250000000000004
0 0.42518229166666666 0.8163379629629629 0.027708333333333335 0.06250925925925926
0 0.5838333333333333 0.7522731481481482 0.021335937500000002 0.06250925925925926
2 0.6081848958333332 0.7986712962962963 0.04308854166666667 0.09939814814814814
2 0.3470026041666667 0.8013888888888889 0.051309895833333334 0.06367592592592593
0 0.3048411458333333 0.7371296296296297 0.03644010416666667 0.046981481481481485
0 0.6127708333333334 0.5741342592592593 0.026479166666666668 0.025416666666666667