1 0.23740104166666667 0.562837962962963 0.0320546875 0.049421296296296297
2 0.26921354166666667 0.5633842592592593 0.021544270833333334 0.03294444444444444
4 0.2902135416666667 0.5123194444444444 0.0301875 0.0340462962962963
3 0.36711197916666666 0.45466203703703706 0.044375000000000005 0.03294444444444444
3 0.41096875 0.5452638888888889 0.03324739583333333 0.03624074074074074
3 0.5375911458333333 0.4228148148148148 0.03198177083333333 0.021962962962962962
2 0.507015625 0.46729166666666666 0.05854947916666667 0.03624074074074074
1 0.4344401041666667 0.3986527777777778 0.022125 0.017569444444444447
3 0.44433333333333336 0.3550046296296296 0.022861979166666668 0.020037037037037037
0 0.26674739583333335 0.41730092592592594 0.008960937499999998 0.013148148148148147
2 0.2793463541666667 0.719486111111111 0.022226562499999998 0.041115740740740744