2 0.2920560515873016 0.6262566137566138 0.21335069444444446 0.17006944444444444
2 0.19833829365079367 0.6689351851851851 0.03882440476190476 0.02120701058201058
2 0.229734623015873 0.6139781746031746 0.0896999007936508 0.06752314814814815
2 0.16545634920634922 0.5884920634920635 0.05051587301587302 0.023177910052910054
2 0.04573412698412699 0.5815046296296297 0.04939236111111111 0.03568121693121693
4 0.15836805555555555 0.9926818783068783 0.0591765873015873 0.014636243386243386
2 0.29718253968253966 0.9390707671957672 0.10046875 0.12185846560846561
2 0.4724107142857143 0.7222123015873015 0.14507688492063492 0.09423280423280422
2 0.7447098214285715 0.9533300264550264 0.09155257936507936 0.09334325396825396
2 0.5768377976190476 0.6221560846560847 0.10480406746031747 0.10587632275132276
2 0.45180555555555557 0.606712962962963 0.09125496031746032 0.07905092592592593
2 0.8716592261904762 0.6344378306878307 0.06305307539682539 0.04985119047619048
2 0.8971279761904761 0.41865079365079366 0.0958531746031746 0.037533068783068786
4 0.6148710317460317 0.4457903439153439 0.02459573412698413 0.02976521164021164
4 0.6483854166666666 0.48943783068783064 0.0560391865079365 0.04572751322751323
4 0.8202926587301588 0.976712962962963 0.09006944444444445 0.04657738095238095
2 0.09390873015873015 0.8093948412698413 0.0630233134920635 0.045343915343915346
2 0.15346478174603173 0.8887929894179895 0.10919890873015874 0.08852843915343915
2 0.3363368055555555 0.7506316137566137 0.13524305555555555 0.050251322751322755
2 0.22100198412698413 0.7404298941798941 0.10471974206349206 0.058416005291005296
2 0.07293898809523809 0.5598082010582011 0.05828125 0.04262235449735449
2 0.013167162698412699 0.5716435185185186 0.026336805555555554 0.03364087301587302
2 0.42845734126984125 0.3804199735449736 0.11016369047619048 0.06476521164021164
2 0.12584325396825397 0.48223544973544974 0.11546626984126984 0.07657738095238095
2 0.05523809523809524 0.6365178571428571 0.06981150793650794 0.028756613756613755
2 0.48714285714285716 0.46455026455026455 0.0907390873015873 0.03850859788359789
4 0.046339285714285715 0.8988227513227514 0.04078869047619048 0.037867063492063494
2 0.29761656746031745 0.8215013227513227 0.05045882936507936 0.07499338624338624
2 0.5823809523809523 0.5337929894179895 0.1012673611111111 0.08853505291005291
2 0.5269320436507937 0.36661375661375667 0.041775793650793654 0.04258928571428571
2 0.665498511904762 0.3590608465608465 0.04624255952380952 0.019345238095238096
2 0.4971676587301587 0.41969576719576723 0.05845486111111111 0.029060846560846558
2 0.31508184523809524 0.502635582010582 0.11199900793650794 0.07250330687830688
2 0.32473214285714286 0.4001521164021164 0.09826388888888889 0.06038690476190477
2 0.7143402777777778 0.5344312169312169 0.02916170634920635 0.021689814814814815
2 0.5765625 0.38275793650793655 0.027199900793650793 0.016216931216931216
2 0.7059027777777778 0.5328604497354497 0.10317460317460317 0.09896825396825396
2 0.8169890873015873 0.49311507936507937 0.1465500992063492 0.09154761904761904
2 0.6623735119047619 0.4457175925925926 0.07999007936507936 0.06370370370370369