0 0.49648177083333334 0.1995601851851852 0.0146328125 0.006953703703703703
1 0.47242968750000003 0.18565277777777778 0.03340885416666666 0.013212962962962963
4 0.4174869791666667 0.2670046296296296 0.008002604166666667 0.008342592592592592
1 0.4095651041666667 0.4733425925925926 0.0441796875 0.038592592592592595
1 0.459328125 0.7474768518518519 0.0482734375 0.03963425925925926
0 0.3967578125 0.848125 0.04359375 0.048324074074074075
0 0.5647239583333333 0.8305648148148148 0.026348958333333335 0.05006481481481481
2 0.5967916666666666 0.8293472222222222 0.038072916666666665 0.0761388888888889
4 0.827828125 0.7199675925925927 0.016002604166666667 0.035930555555555556
4 0.7569088541666668 0.6723888888888888 0.032111979166666665 0.019296296296296298
0 0.6102057291666667 0.6231481481481481 0.02166927083333333 0.037925925925925925
4 0.8173489583333333 0.8117916666666667 0.03546614583333333 0.03326851851851852
2 0.33396875000000004 0.8334166666666667 0.05308333333333334 0.04458333333333333
4 0.2675390625 0.7728657407407408 0.045989583333333334 0.03925925925925926
0 0.2929895833333333 0.7811805555555555 0.03251041666666667 0.043916666666666666