2 0.8609453125000001 0.6041064814814814 0.04711458333333333 0.032560185185185185
0 0.7677005208333333 0.21679166666666666 0.016755208333333334 0.032560185185185185
1 0.6113072916666666 0.18594444444444444 0.06450520833333333 0.032560185185185185
1 0.6657682291666667 0.5068518518518518 0.0519609375 0.04198611111111111
4 0.7648072916666667 0.5244166666666666 0.04759895833333334 0.03427777777777778
4 0.8691484375 0.8667453703703704 0.06444270833333333 0.1293888888888889
0 0.7057708333333333 0.7035046296296296 0.03845572916666666 0.07883333333333334
0 0.4303411458333333 0.48328703703703707 0.024546875000000003 0.04969907407407407
4 0.393953125 0.48885648148148153 0.0462421875 0.04027314814814815
2 0.48190625 0.5942546296296296 0.07079947916666667 0.06426851851851852
4 0.32648177083333335 0.8963055555555556 0.035656249999999994 0.051412037037037034
4 0.6245625 0.5325555555555556 0.0322109375 0.03341666666666667
4 0.5838385416666667 0.5038518518518518 0.03463020833333333 0.03084722222222222
0 0.7173385416666667 0.4370138888888889 0.02206770833333333 0.04798611111111111
4 0.5211875 0.3359027777777778 0.030789062500000002 0.027421296296296294