1 0.38456510416666667 0.1894398148148148 0.049398437499999996 0.03833796296296296
1 0.45559635416666666 0.5378703703703703 0.0430390625 0.0405925925925926
0 0.5456536458333333 0.6303333333333333 0.0379453125 0.03833796296296296
0 0.6043177083333333 0.37493055555555554 0.02588020833333333 0.03721296296296296
4 0.740671875 0.44935185185185184 0.028385416666666666 0.025935185185185186
4 0.8064583333333334 0.5042962962962962 0.019020833333333334 0.03228240740740741
4 0.800109375 0.6342592592592593 0.021471354166666668 0.06172685185185186
2 0.5857265625 0.6172824074074074 0.03367447916666667 0.027777777777777776
0 0.28975520833333335 0.5493842592592593 0.026799479166666664 0.04938425925925926
0 0.3852265625 0.625 0.047609374999999995 0.037037037037037035
2 0.32447135416666667 0.6095694444444445 0.052830729166666666 0.05864351851851852
4 0.25546875 0.5416666666666666 0.045036458333333335 0.043208333333333335