0 0.5499765624999999 0.6651805555555556 0.024921875 0.0661388888888889
0 0.6643203124999999 0.6928287037037038 0.04134895833333333 0.049875
0 0.6222447916666667 0.6868657407407408 0.037700520833333334 0.033611111111111105
0 0.7615885416666667 0.5892824074074073 0.026080729166666667 0.05095833333333333
0 0.8957447916666667 0.5919953703703704 0.046781249999999996 0.04770833333333333
0 0.9640442708333333 0.5442870370370371 0.04066666666666666 0.03252777777777778
0 0.7487812500000001 0.4364074074074074 0.018765625 0.03794907407407407
0 0.6179765625000001 0.4998333333333334 0.02550520833333333 0.034694444444444444
0 0.5722395833333334 0.616388888888889 0.03405208333333333 0.05963425925925926
4 0.813421875 0.37460648148148146 0.01875 0.03144444444444445
4 0.9128203125 0.4830277777777777 0.029703125 0.033611111111111105
4 0.6515130208333333 0.7465 0.07184114583333333 0.057462962962962966
4 0.628953125 0.5838611111111112 0.024281249999999997 0.06397222222222222
4 0.6310859375 0.536699074074074 0.046843749999999997 0.03252777777777778
4 0.5136979166666666 0.6912037037037037 0.05479947916666667 0.06830555555555555
4 0.5063802083333333 0.7898657407407407 0.04382552083333333 0.04228703703703704
4 0.42009114583333335 0.5735601851851853 0.032260416666666666 0.034694444444444444
4 0.5219296875 0.4689351851851852 0.044432291666666665 0.046620370370370375
4 0.5405338541666667 0.4575509259259259 0.025700520833333334 0.03252777777777778
1 0.6216354166666667 0.3794814814814815 0.041359375 0.045537037037037036
1 0.6106588541666667 0.4434537037037037 0.03526302083333333 0.045537037037037036
1 0.2673333333333333 0.40116666666666667 0.0670546875 0.045537037037037036
2 0.48351302083333336 0.4120092592592593 0.037122395833333335 0.049875
2 0.5731588541666667 0.4510416666666667 0.047052083333333335 0.05855092592592592