2 0.9602232142857142 0.9514517195767196 0.07955357142857143 0.09709986772486773
2 0.4576339285714286 0.5491104497354498 0.11604166666666667 0.0816600529100529
2 0.6183234126984127 0.5108267195767195 0.0701686507936508 0.060211640211640216
2 0.13408234126984128 0.8409126984126984 0.26816468253968256 0.3181712962962963
2 0.2042237103174603 0.5529761904761905 0.2077703373015873 0.16214285714285714
2 0.3909548611111111 0.665162037037037 0.07858630952380953 0.07203373015873016
2 0.04543154761904762 0.5944940476190477 0.07536706349206349 0.08645171957671959
2 0.04397073412698412 0.6955390211640211 0.08793898809523809 0.1303339947089947
2 0.23068700396825398 0.8579828042328043 0.022601686507936508 0.04464616402116402
2 0.21102926587301588 0.9604497354497354 0.08579613095238095 0.07909722222222222
4 0.932437996031746 0.334672619047619 0.038864087301587295 0.025363756613756616
2 0.30140873015873015 0.356656746031746 0.03176835317460318 0.02105489417989418