4 0.8323177083333333 0.7081388888888889 0.020127604166666667 0.03833796296296296
4 0.7577994791666666 0.2649861111111111 0.024583333333333336 0.04736111111111111
4 0.4530651041666667 0.3095277777777778 0.008802083333333332 0.012402777777777778
4 0.28594791666666663 0.7994722222222221 0.04498958333333333 0.029319444444444443
1 0.4324505208333333 0.48036111111111107 0.038614583333333334 0.054125
1 0.46828125000000004 0.7549351851851852 0.05319270833333333 0.055254629629629626
1 0.4981276041666666 0.23003703703703704 0.03382291666666667 0.015439814814814816
0 0.5170859375 0.2537083333333333 0.014427083333333333 0.010291666666666668
0 0.6233098958333334 0.6455972222222223 0.023664062500000003 0.03036111111111111
0 0.5752630208333334 0.8213425925925926 0.025411458333333335 0.05146296296296296
0 0.42938541666666663 0.899050925925926 0.027763020833333332 0.054550925925925926
2 0.342921875 0.8844351851851853 0.0505234375 0.0587962962962963
4 0.987390625 0.9663379629629629 0.022143229166666667 0.05106018518518519
4 0.8156171874999999 0.6462453703703704 0.021106770833333333 0.022337962962962962
4 0.7847447916666667 0.6232685185185185 0.013932291666666667 0.028722222222222222
0 0.303640625 0.8163564814814814 0.03373958333333334 0.046296296296296294
2 0.6022161458333334 0.8726851851851852 0.04234895833333333 0.06635648148148149