4 0.3392598684210526 0.6024597953216374 0.08575383771929825 0.05726242690058479
2 0.28444078947368423 0.495858918128655 0.0985608552631579 0.09259137426900585
1 0.819375 0.47210160818713454 0.07193804824561403 0.04264254385964912
4 0.8280564692982456 0.3118896198830409 0.032648026315789475 0.043859649122807015
2 0.22825383771929825 0.8071381578947369 0.06294133771929825 0.11330409356725146
2 0.5704084429824561 0.9222697368421052 0.0710827850877193 0.09990131578947369
2 0.4114391447368421 0.9569919590643274 0.05284813596491228 0.07431652046783627
2 0.24149945175438597 0.8485635964912281 0.09674342105263159 0.09381213450292399
2 0.34565515350877196 0.6658150584795322 0.08575383771929825 0.0816264619883041
2 0.2191173245614035 0.6895723684210526 0.07025219298245614 0.09015716374269006
4 0.08709429824561404 0.6115972222222222 0.08947094298245614 0.06822733918128654
2 0.3762637061403509 0.3277302631578947 0.04097861842105263 0.048731725146198834