4 0.5745589770354906 0.8549598393574297 0.05232776617954071 0.09698795180722891
4 0.8170955114822547 0.6220331325301205 0.026072546972860124 0.05574799196787148
4 0.6543475991649269 0.7117670682730923 0.027698329853862214 0.058042168674698795
4 0.8643606471816284 0.8870381526104417 0.03802453027139875 0.09546184738955824
4 0.8337969728601253 0.20352409638554217 0.024535490605427975 0.01909136546184739
4 0.7440866388308978 0.3241917670682731 0.017413883089770356 0.040476907630522085
4 0.7297964509394572 0.05612951807228916 0.013447286012526096 0.017565261044176706
2 0.2978575156576201 0.3272439759036145 0.05393006263048017 0.05116967871485944
2 0.3167145093945721 0.36237449799196786 0.03923799582463466 0.03436746987951807
0 0.23792014613778706 0.5380271084337349 0.026951983298538623 0.06491465863453816
0 0.4592197286012526 0.4555471887550201 0.023324634655532358 0.0618574297188755
0 0.4885934237995824 0.41545180722891567 0.024906054279749477 0.048875502008032125
0 0.5102296450939457 0.1615210843373494 0.02132828810020877 0.03895080321285141
0 0.5411899791231733 0.1714508032128514 0.02370302713987474 0.03741967871485944
2 0.4820459290187892 0.27035140562248994 0.028481210855949894 0.07637048192771084
1 0.5408272442588726 0.06262550200803213 0.03091597077244259 0.029021084337349397
4 0.6491936325678497 0.3742118473895582 0.03247912317327766 0.03971385542168675
4 0.6351017745302714 0.5009889558232932 0.05431367432150313 0.08400602409638554
0 0.8230715031315241 0.09393574297188756 0.01975991649269311 0.016802208835341365
4 0.7838856993736951 0.21823795180722894 0.030657620041753656 0.030230923694779116
4 0.8241910229645094 0.17756024096385542 0.01621868475991649 0.03166666666666666