2 0.331875 0.4503472222222222 0.15718253968253967 0.06956349206349206
2 0.35973958333333333 0.5755853174603175 0.1277157738095238 0.07903108465608466
2 0.30939980158730157 0.520462962962963 0.09367559523809524 0.05375992063492063
2 0.27441468253968254 0.5019179894179894 0.09501984126984127 0.05261904761904762
2 0.5143229166666666 0.6950562169312169 0.07707589285714285 0.08235119047619048
2 0.4173065476190476 0.8906117724867725 0.08571676587301588 0.0964351851851852
2 0.6541195436507936 0.9593948412698413 0.06714285714285714 0.07223214285714286
2 0.5771899801587301 0.4806316137566138 0.02564980158730159 0.022218915343915343
1 0.5991542658730159 0.5007010582010581 0.02210813492063492 0.013326719576719576
2 0.5152405753968253 0.5230952380952381 0.03617063492063492 0.0264484126984127
2 0.5486731150793651 0.5639484126984128 0.05137896825396825 0.05503637566137566
2 0.508328373015873 0.3496329365079365 0.09059523809523809 0.03656415343915344
2 0.43490079365079365 0.36109457671957673 0.02454861111111111 0.024153439153439156
4 0.46443204365079366 0.37611111111111106 0.015213293650793651 0.013230820105820105
2 0.8365922619047619 0.5777513227513227 0.06948660714285715 0.04425925925925926
2 0.7893849206349207 0.5287698412698413 0.03366815476190476 0.05186177248677249
2 0.8101636904761904 0.7628703703703704 0.03730902777777778 0.05426256613756614
4 0.9655307539682539 0.2554166666666667 0.01922123015873016 0.016755952380952382
2 0.5910689484126984 0.11404100529100529 0.012628968253968255 0.010423280423280423
4 0.530796130952381 0.2985218253968254 0.01654265873015873 0.016253306878306877