4 0.3029895833333333 0.7462083333333334 0.040755208333333334 0.026060185185185186
4 0.40399999999999997 0.572949074074074 0.024888020833333333 0.017606481481481483
4 0.48045312500000004 0.5602731481481482 0.0359609375 0.024652777777777777
4 0.3677578125 0.665212962962963 0.028580729166666666 0.023240740740740742
4 0.46361718749999997 0.32010648148148146 0.015763020833333332 0.014791666666666667
0 0.45015104166666664 0.5067453703703704 0.016557291666666665 0.020425925925925924
0 0.27466666666666667 0.681412037037037 0.022145833333333333 0.024652777777777777
4 0.07182812499999999 0.4651898148148148 0.01739322916666667 0.010564814814814815
1 0.9728854166666667 0.2926388888888889 0.0153515625 0.01901388888888889
1 0.9825911458333334 0.19967129629629632 0.011783854166666666 0.00774537037037037
4 0.9938125 0.14927314814814815 0.008989583333333334 0.007657407407407407
0 0.7240703125 0.2517962962962963 0.010877604166666667 0.009953703703703704