1 0.9321106150793651 0.4436739417989418 0.13578125000000002 0.07605820105820106
3 0.9635243055555555 0.8438062169312169 0.07295138888888889 0.06944444444444445
2 0.8079017857142857 0.8052248677248677 0.05105406746031746 0.04298941798941799
2 0.48355902777777776 0.9005720899470899 0.1596453373015873 0.13006944444444443
2 0.1858953373015873 0.9286805555555555 0.09507440476190475 0.05842261904761904
2 0.7033333333333334 0.9275793650793651 0.09654761904761903 0.07605820105820106
2 0.6186160714285714 0.9661607142857143 0.043122519841269843 0.045195105820105816
2 0.6913467261904762 0.9745370370370371 0.09076388888888888 0.05092592592592592
2 0.7411805555555556 0.8108234126984126 0.03615079365079365 0.019437830687830688
2 0.6509722222222222 0.8675562169312169 0.019630456349206352 0.017334656084656085
2 0.6822891865079365 0.5505291005291005 0.04837797619047619 0.00945436507936508
2 0.9414260912698412 0.8889847883597883 0.04303571428571429 0.0360218253968254
2 0.8849851190476191 0.8470469576719576 0.018055555555555554 0.020968915343915342
2 0.8372073412698412 0.7362962962962962 0.02169642857142857 0.017741402116402117