4 0.7762291666666666 0.6203657407407407 0.026869791666666667 0.023453703703703702
4 0.8237187499999999 0.7358750000000001 0.029497395833333332 0.04808333333333333
4 0.8468046875 0.6614120370370371 0.017619791666666666 0.030490740740740742
4 0.24329166666666666 0.7165277777777778 0.04810416666666666 0.02814351851851852
4 0.45534895833333333 0.21988425925925925 0.010458333333333332 0.010555555555555556
4 0.9814791666666667 0.0989675925925926 0.008473958333333333 0.010467592592592593
1 0.5004583333333333 0.1298148148148148 0.03239583333333333 0.010532407407407407
0 0.5199765625 0.1552222222222222 0.014966145833333333 0.009296296296296296
0 0.6093697916666667 0.5874212962962962 0.02226302083333333 0.02726388888888889
0 0.5644114583333334 0.7928333333333333 0.024364583333333335 0.051430555555555556
2 0.5945598958333334 0.7903564814814815 0.03523697916666667 0.03036111111111111
1 0.44360937500000003 0.7008194444444444 0.05463020833333333 0.04461574074074074
0 0.3876744791666667 0.8036805555555556 0.02850520833333333 0.05329166666666667
2 0.3129166666666666 0.7850879629629629 0.05396354166666666 0.03841666666666667
0 0.2644765625 0.7327314814814815 0.039338541666666664 0.04399537037037037
1 0.4204348958333333 0.4241481481481481 0.036164062500000003 0.04647222222222222