4 0.6770659722222222 0.7374503968253969 0.04963293650793651 0.057357804232804226
2 0.5176165674603175 0.880433201058201 0.13510168650793652 0.12208994708994708
2 0.7968725198412698 0.9025562169312169 0.11102678571428572 0.08112103174603175
2 0.25766121031746037 0.7718650793650793 0.09207589285714286 0.07374338624338625
2 0.23493055555555556 0.8476587301587302 0.07488095238095238 0.03851190476190476
2 0.32432539682539685 0.7550661375661376 0.10126488095238095 0.06309193121693121
2 0.4527678571428571 0.752609126984127 0.07915178571428572 0.056537698412698414
2 0.3897916666666667 0.7280257936507937 0.06381448412698414 0.06636904761904762
4 0.3169816468253968 0.7030357142857143 0.07183035714285714 0.022943121693121692
1 0.6596924603174603 0.5754464285714286 0.04159722222222222 0.031507936507936506
2 0.6273611111111111 0.6222949735449735 0.04658234126984127 0.05223875661375661
2 0.6823859126984128 0.6256117724867725 0.04967013888888889 0.05389550264550264
2 0.6166344246031746 0.7333002645502645 0.08654513888888889 0.03802910052910053
4 0.8894221230158731 0.7754629629629629 0.061681547619047615 0.06613756613756613
2 0.9121056547619047 0.5016732804232804 0.032274305555555556 0.026319444444444444
2 0.8441815476190475 0.6638359788359789 0.15627232142857145 0.07643518518518518
4 0.38900545634920636 0.8943915343915344 0.09960317460317461 0.062311507936507936
2 0.3715699404761905 0.8424669312169312 0.04728670634920635 0.033234126984126984
2 0.6248586309523809 0.7946924603174603 0.029191468253968254 0.04237103174603175
2 0.5930877976190476 0.9255489417989419 0.03809027777777778 0.029910714285714287
2 0.787172619047619 0.7872156084656085 0.1147718253968254 0.09056216931216932
2 0.9373164682539683 0.5761838624338624 0.08955357142857143 0.05566468253968254
2 0.7535143849206349 0.6380820105820105 0.11202628968253968 0.10136243386243386
2 0.3515426587301588 0.6029728835978836 0.03423115079365079 0.015591931216931216
2 0.6175272817460317 0.8633564814814815 0.05322916666666667 0.06641203703703705