4 0.565375 0.6835231481481482 0.034703124999999994 0.07663888888888888
2 0.470109375 0.3747361111111111 0.045572916666666664 0.043666666666666666
1 0.5623333333333334 0.3747361111111111 0.054572916666666665 0.059708333333333335
1 0.8974010416666667 0.3497824074074074 0.048981770833333334 0.043666666666666666
1 0.4267213541666666 0.4366712962962963 0.0410078125 0.04634259259259259
1 0.2119453125 0.4143935185185185 0.07664583333333333 0.048125
0 0.381359375 0.7035740740740741 0.0435234375 0.03831944444444444
0 0.49664322916666664 0.5814861111111111 0.030466145833333333 0.04188425925925926
0 0.48786979166666666 0.7040185185185186 0.03598177083333333 0.04634259259259259
0 0.5232109375 0.6982268518518518 0.0397109375 0.06327314814814815
0 0.5988958333333334 0.40414351851851854 0.033716145833333336 0.03475462962962963
0 0.49840104166666666 0.47410185185185183 0.0351953125 0.033865740740740745
0 0.6773307291666666 0.5645509259259259 0.04696354166666667 0.03831944444444444
0 0.8522916666666667 0.5863888888888888 0.031950520833333336 0.06416203703703705
0 0.7733489583333333 0.5569768518518519 0.024450520833333333 0.04990740740740741
4 0.7375104166666666 0.4883564814814814 0.034984375 0.04277777777777778
4 0.6886432291666666 0.3408703703703704 0.026476562500000002 0.02940740740740741