2 0.7530332341269841 0.6903108465608465 0.07908482142857143 0.044642857142857144
2 0.5242733134920635 0.8043981481481481 0.04567460317460317 0.03802910052910053
2 0.9410813492063492 0.7427248677248677 0.07029761904761905 0.03835978835978836
2 0.94703125 0.6574074074074074 0.08318948412698413 0.06878306878306878
2 0.899890873015873 0.8478835978835979 0.20021825396825396 0.11243386243386243
2 0.8314657738095238 0.5608465608465608 0.17249503968253968 0.046296296296296294
2 0.8255233134920635 0.7896825396825397 0.06239583333333334 0.042328042328042326
2 0.8121279761904762 0.9755291005291006 0.11993055555555555 0.04894179894179894
2 0.6655729166666667 0.6134259259259259 0.09071180555555555 0.0667989417989418
2 0.6975669642857143 0.6845238095238095 0.027715773809523808 0.05423280423280423
2 0.9495138888888889 0.6888227513227513 0.031609623015873015 0.013888888888888888
2 0.12390625 0.6650132275132276 0.019283234126984128 0.021825396825396824
2 0.26847718253968256 0.2123015873015873 0.0594171626984127 0.027777777777777776