0 0.35141666666666665 0.7297592592592592 0.04631510416666666 0.04335185185185185
0 0.256296875 0.6620555555555555 0.030684895833333333 0.04281481481481482
0 0.5077994791666667 0.742337962962963 0.02490625 0.05244907407407408
0 0.5674010416666667 0.5060416666666666 0.026697916666666665 0.03371759259259259
0 0.4711666666666667 0.10875925925925925 0.014578124999999999 0.008962962962962963
4 0.7582161458333334 0.7463194444444444 0.0273125 0.04494907407407408
4 0.7653854166666666 0.6390416666666666 0.015062500000000001 0.030583333333333334
4 0.6994427083333333 0.5838935185185186 0.027588541666666667 0.027805555555555556
2 0.5462916666666667 0.7312592592592593 0.03669270833333334 0.07970833333333333
1 0.41792708333333334 0.65225 0.04167708333333333 0.032902777777777774
2 0.29462239583333333 0.7226851851851852 0.0536484375 0.0634861111111111
4 0.22698958333333333 0.6536388888888889 0.048713541666666665 0.035680555555555556
1 0.3709270833333333 0.347337962962963 0.0525078125 0.03970833333333333
4 0.39602604166666666 0.1688472222222222 0.010815104166666667 0.008699074074074074
1 0.4454765625 0.08754166666666667 0.0335625 0.010208333333333333
4 0.9032812499999999 0.04145370370370371 0.010528645833333333 0.011731481481481482