2 0.5670734126984127 0.14366071428571428 0.07958333333333333 0.02644179894179894
2 0.8651959325396825 0.5006812169312169 0.051359126984126986 0.03697420634920635
2 0.8408630952380952 0.5380357142857143 0.049102182539682536 0.04829365079365079
2 0.7834250992063492 0.428994708994709 0.057604166666666665 0.02037367724867725
2 0.756827876984127 0.7561177248677249 0.06892857142857144 0.07395171957671957
2 0.6074330357142858 0.8693088624338624 0.0667013888888889 0.07697089947089947
2 0.4769965277777778 0.8576124338624339 0.033343253968253966 0.04603174603174603
2 0.42295634920634917 0.8368617724867725 0.03165922619047619 0.028673941798941796
2 0.4990625 0.9795535714285715 0.09445436507936507 0.04089285714285714
4 0.4393625992063492 0.939864417989418 0.10522073412698413 0.07923280423280422
2 0.949516369047619 0.6331150793650794 0.015124007936507936 0.06489748677248677
4 0.8155257936507936 0.7276091269841269 0.04099950396825397 0.046441798941798944
2 0.03620287698412698 0.4744279100529101 0.040181051587301585 0.027738095238095235