2 0.41433531746031743 0.6109457671957672 0.13253968253968254 0.10085978835978836
2 0.5094965277777778 0.7192460317460317 0.16288938492063493 0.15707671957671956
2 0.5829588293650793 0.8478009259259259 0.1721676587301587 0.10499338624338625
2 0.2940699404761905 0.6047453703703703 0.06686011904761904 0.06696428571428571
2 0.14466021825396824 0.5547288359788359 0.08922123015873017 0.06613756613756613
2 0.5776959325396825 0.36499669312169314 0.09467509920634921 0.053736772486772486
2 0.22028769841269843 0.9096395502645502 0.18467261904761906 0.18072089947089948
2 0.09909474206349207 0.9428736772486772 0.06505704365079365 0.06696428571428571
4 0.07553323412698414 0.8387070105820106 0.13449900793650793 0.05042989417989418
4 0.18836805555555555 0.7250330687830688 0.08115079365079365 0.06944444444444445
2 0.08967757936507936 0.8110119047619048 0.17935267857142856 0.21494708994708994
2 0.17431795634920635 0.6875562169312169 0.09891865079365078 0.08873346560846561
4 0.046924603174603174 0.6708829365079365 0.09384920634920635 0.03058862433862434
1 0.33219494047619047 0.7576884920634921 0.08482886904761903 0.0851521164021164
4 0.4100024801587302 0.7928240740740741 0.0507093253968254 0.0710978835978836
1 0.2983556547619048 0.6597222222222222 0.02515376984126984 0.024249338624338625
4 0.37770337301587303 0.8669543650793651 0.1069642857142857 0.11463955026455026
2 0.31963541666666667 0.9711210317460318 0.02637400793650794 0.036375661375661374
2 0.47340525793650795 0.886795634920635 0.02058531746031746 0.018740079365079366
2 0.4597767857142857 0.9883167989417989 0.11403025793650794 0.023369708994708995
2 0.6219915674603175 0.9117063492063492 0.18713541666666667 0.1765873015873016
2 0.744345238095238 0.4001322751322751 0.09041170634920635 0.0573181216931217
2 0.23221726190476188 0.7101521164021164 0.06578869047619047 0.07219907407407408