4 0.7775442708333333 0.5972222222222222 0.023213541666666667 0.033949074074074076
4 0.8352630208333333 0.7106481481481481 0.020596354166666667 0.038578703703703705
4 0.8226770833333333 0.6388888888888888 0.021466145833333335 0.024689814814814814
4 0.2841119791666667 0.7893518518518519 0.046765625000000005 0.029319444444444443
0 0.30407552083333333 0.8016990740740741 0.034609375000000005 0.04475462962962963
0 0.42819270833333334 0.8672824074074074 0.02763541666666667 0.06172685185185186
0 0.5826875 0.809412037037037 0.029335937500000003 0.047837962962962964
0 0.6243489583333334 0.6126527777777777 0.025854166666666668 0.037037037037037035
0 0.5211380208333334 0.23458333333333334 0.015460937499999999 0.010967592592592593
1 0.501671875 0.22089351851851852 0.033005208333333334 0.008222222222222223
4 0.45259895833333336 0.28982870370370367 0.008315104166666667 0.009865740740740741
1 0.430359375 0.4665462962962963 0.03733854166666666 0.04888425925925926
1 0.47025520833333334 0.764912037037037 0.0525703125 0.03879166666666667
2 0.6098307291666667 0.8509953703703704 0.04429166666666667 0.0802361111111111
2 0.3436119791666667 0.868462962962963 0.04852083333333333 0.06386574074074074
4 0.9872526041666667 0.9736018518518519 0.02226302083333333 0.0527962962962963