2 0.5516840277777777 0.5960482804232804 0.1694345238095238 0.19541335978835978
2 0.7335416666666666 0.4398776455026455 0.07169146825396826 0.06827711640211641
2 0.9653893849206349 0.38494047619047617 0.06922123015873016 0.09653108465608466
2 0.9786334325396825 0.6058597883597884 0.04273313492063492 0.11615079365079366
2 0.8839087301587302 0.5795701058201058 0.040456349206349204 0.04002314814814815
4 0.7885664682539683 0.5379761904761905 0.08991815476190476 0.06042989417989418
2 0.6785143849206349 0.5905555555555555 0.09936507936507936 0.08083333333333333
2 0.5681845238095238 0.7431977513227512 0.061279761904761906 0.047086640211640204
4 0.9227157738095237 0.7510449735449735 0.15456597222222224 0.16166666666666665
2 0.35713293650793654 0.0502281746031746 0.03577876984126984 0.03139219576719577
1 0.9321924603174603 0.6405853174603175 0.018725198412698412 0.01826719576719577
2 0.8823685515873015 0.4237136243386243 0.022232142857142857 0.021491402116402113
4 0.7781547619047618 0.38968915343915345 0.027631448412698413 0.016474867724867726