2 0.7070114087301588 0.49910714285714286 0.17696180555555555 0.13416997354497356
2 0.8813293650793651 0.6195238095238096 0.06976190476190476 0.04762896825396826
2 0.5759722222222222 0.5551223544973545 0.08091269841269841 0.1012962962962963
2 0.5681746031746032 0.4813293650793651 0.05827876984126984 0.07043981481481482
2 0.6760714285714285 0.6872784391534391 0.2267733134920635 0.2676653439153439
2 0.7935615079365079 0.8796990740740741 0.19431795634920634 0.24060515873015875
2 0.929890873015873 0.5410350529100529 0.10952628968253969 0.08519841269841269
2 0.3571031746031746 0.14724867724867724 0.05171875 0.03287037037037037
2 0.5009722222222223 0.5661937830687831 0.1180828373015873 0.08720899470899472
2 0.4290401785714286 0.6111375661375661 0.05672867063492063 0.05635251322751322
1 0.3083035714285714 0.798640873015873 0.07990575396825397 0.12678902116402116
2 0.3226364087301587 0.8130621693121692 0.14077132936507938 0.16636904761904764
2 0.27208581349206346 0.6705092592592592 0.04067708333333333 0.08385582010582011
2 0.3304389880952381 0.5618320105820106 0.05776289682539683 0.06641203703703705
2 0.31761160714285713 0.6973412698412699 0.04519097222222222 0.06775462962962962
4 0.18504960317460317 0.7708002645502646 0.1262202380952381 0.12611772486772488
2 0.15965029761904762 0.5413723544973544 0.05730902777777778 0.03622685185185185
2 0.1981374007936508 0.6265674603174604 0.022586805555555554 0.026835317460317462
4 0.1521031746031746 0.579943783068783 0.05932291666666666 0.05031415343915344
2 0.06960069444444444 0.5983928571428572 0.06236359126984127 0.07781746031746031
2 0.025059523809523813 0.5611607142857143 0.04975446428571429 0.06507275132275132
4 0.7653769841269841 0.7261871693121692 0.028038194444444445 0.023478835978835978
4 0.48904265873015873 0.16181878306878306 0.02164186507936508 0.013842592592592592
4 0.2079563492063492 0.680896164021164 0.013147321428571428 0.01318452380952381
2 0.26930307539682535 0.5461309523809523 0.011783234126984126 0.01462962962962963
4 0.21342261904761906 0.5080489417989418 0.017512400793650792 0.011517857142857142