0 0.31752864583333335 0.47376388888888893 0.030265625 0.027777777777777776
4 0.3897317708333333 0.5154305555555555 0.033440104166666665 0.043416666666666666
1 0.32790104166666667 0.5187685185185185 0.045036458333333335 0.05009722222222222
1 0.2901796875 0.5925231481481481 0.04034895833333333 0.039518518518518515
1 0.16745833333333332 0.5251712962962962 0.030986979166666664 0.023935185185185188
3 0.46001302083333334 0.6108888888888889 0.04062239583333334 0.0606712962962963
3 0.3609322916666667 0.4895462962962963 0.020296875 0.06400925925925925
3 0.530296875 0.4884351851851852 0.04780729166666667 0.022819444444444444
3 0.4676822916666667 0.5151527777777778 0.04970052083333333 0.026162037037037036
4 0.40194270833333334 0.45837500000000003 0.023419270833333335 0.015027777777777779
4 0.24447135416666665 0.38072685185185184 0.024080729166666665 0.018925925925925926
4 0.3330677083333333 0.35540277777777773 0.03094791666666667 0.023935185185185188
2 0.5201223958333333 0.36848148148148147 0.02245052083333333 0.017810185185185186
3 0.5807005208333333 0.682138888888889 0.03026302083333333 0.026162037037037036
3 0.6046901041666667 0.5123657407407407 0.03941927083333333 0.04842592592592592
3 0.6421015625000001 0.5290648148148148 0.030333333333333334 0.02059722222222222
0 0.7797421875 0.4896111111111111 0.012552083333333333 0.01824074074074074