4 0.9133776041666667 0.3405972222222223 0.01021875 0.010509259259259258
4 0.8691354166666667 0.30906944444444445 0.009359375 0.0061805555555555555
0 0.9915130208333333 0.34043981481481483 0.012807291666666666 0.010199074074074074
4 0.7986484375 0.43300925925925926 0.013028645833333333 0.010509259259259258
0 0.72875 0.44660648148148147 0.0088359375 0.015453703703703706
0 0.7129296875000001 0.4038009259259259 0.01196875 0.012055555555555555
1 0.7014583333333333 0.2835740740740741 0.02275 0.0064907407407407405
4 0.7555208333333333 0.4532546296296296 0.012307291666666666 0.008962962962962963
4 0.6660833333333334 0.7836481481481482 0.013893229166666667 0.020087962962962964
4 0.99603125 0.5535462962962964 0.007934895833333334 0.015453703703703706
4 0.9947291666666668 0.5897083333333333 0.010544270833333334 0.014833333333333334
0 0.6076588541666667 0.6147407407407407 0.012828125 0.019162037037037036
1 0.438671875 0.5519999999999999 0.049335937499999996 0.033999999999999996
0 0.2800572916666667 0.8107546296296296 0.03455989583333333 0.03193055555555555
4 0.2851875 0.8255787037037037 0.03006770833333333 0.013685185185185184
4 0.18273177083333333 0.8863009259259259 0.04003385416666667 0.054162037037037036
0 0.16092708333333333 0.8503796296296297 0.03234375 0.04504166666666667
0 0.2388515625 0.9319120370370371 0.02655208333333333 0.048462962962962965
2 0.331203125 0.9552870370370371 0.05603125 0.0758287037037037
4 0.1567578125 0.9897592592592593 0.052226562500000004 0.020481481481481482
1 0.4691354166666667 0.7771157407407407 0.03812760416666667 0.029648148148148153
4 0.4277578125 0.37160185185185185 0.012247395833333334 0.014125
0 0.6045260416666667 0.3000185185185185 0.0057005208333333335 0.010537037037037037