4 0.38408593750000003 0.9169444444444445 0.0395546875 0.044694444444444446
4 0.41874479166666667 0.7164907407407407 0.045640625 0.04334259259259259
4 0.4021770833333333 0.623712962962963 0.025458333333333336 0.04875925925925926
4 0.38451302083333333 0.5915925925925926 0.029674479166666667 0.03805555555555556
4 0.4802604166666667 0.4605046296296297 0.028486979166666666 0.02437962962962963
4 0.5295833333333333 0.4676157407407407 0.0341875 0.010157407407407408
4 0.35990104166666664 0.4073425925925926 0.018611979166666667 0.02776388888888889
4 0.47930729166666663 0.32540277777777776 0.0166796875 0.020995370370370373
4 0.48883072916666664 0.3795787037037037 0.018200520833333334 0.022347222222222223
4 0.5521145833333333 0.39893981481481483 0.02080729166666667 0.021453703703703704
4 0.5432916666666666 0.39723148148148146 0.0196015625 0.02001851851851852
0 0.6095624999999999 0.4568611111111111 0.021515625 0.026597222222222223
0 0.5159479166666666 0.48088425925925926 0.024109375 0.019162037037037036
0 0.6234817708333333 0.3490462962962963 0.013000000000000001 0.019731481481481482
0 0.6427838541666666 0.34132407407407406 0.01203125 0.019731481481481482
0 0.6783307291666667 0.37521296296296297 0.019419270833333332 0.013157407407407408
0 0.6784921875 0.4172546296296296 0.019098958333333336 0.01715740740740741
0 0.6816276041666666 0.4445648148148148 0.02569270833333333 0.016300925925925927
0 0.6954635416666667 0.4294074074074074 0.017739583333333333 0.02888425925925926
0 0.6857291666666666 0.39137037037037037 0.022958333333333334 0.027166666666666665
2 0.7048723958333334 0.3952314814814815 0.0330234375 0.04175462962962963
0 0.8335729166666667 0.40166666666666667 0.0242578125 0.01801851851851852
0 0.8323697916666667 0.3819351851851852 0.024479166666666666 0.013439814814814816
4 0.7977890625 0.4869583333333333 0.019 0.020703703703703703
1 0.9340651041666667 0.11817592592592592 0.016296875 0.011046296296296295
1 0.7542057291666667 0.358962962962963 0.016059895833333334 0.010398148148148148
0 0.4831432291666667 0.2692453703703704 0.007817708333333333 0.014458333333333333
0 0.39790885416666666 0.3279722222222222 0.02176302083333333 0.018328703703703705
1 0.3859296875 0.3967685185185185 0.034687499999999996 0.04078703703703703
4 0.4184557291666666 0.5211944444444444 0.014643229166666666 0.022199074074074076
2 0.3409270833333334 0.555787037037037 0.03905729166666667 0.02736111111111111
1 0.28297395833333333 0.4490416666666666 0.05645833333333334 0.03691666666666667