4 0.7096254960317461 0.5034722222222222 0.0542733134920635 0.04794973544973545
3 0.9619469246031747 0.1843584656084656 0.03808035714285714 0.028108465608465607
2 0.24031994047619049 0.47784391534391535 0.11268353174603174 0.06944444444444445
2 0.33500992063492063 0.9453538359788359 0.044573412698412695 0.07357804232804233
2 0.4211755952380953 0.7283399470899471 0.12886160714285716 0.07771164021164022
2 0.532155257936508 0.9098048941798942 0.02839781746031746 0.022321428571428572
2 0.24077132936507936 0.9337797619047619 0.13015376984126983 0.08845899470899471
2 0.25781994047619045 0.8341600529100529 0.10844990079365079 0.05787037037037037
3 0.21225446428571426 0.7101521164021164 0.10164434523809524 0.08928571428571429
3 0.25938244047619047 0.6762566137566137 0.0397172619047619 0.026455026455026454
2 0.14686011904761903 0.6216931216931217 0.03782490079365079 0.03968253968253968
2 0.1744419642857143 0.6357473544973545 0.04586061507936508 0.0248015873015873
2 0.2410887896825397 0.6588955026455027 0.03158234126984127 0.01984126984126984
2 0.12979166666666667 0.8531746031746031 0.058325892857142854 0.028108465608465607
2 0.12699404761904762 0.827959656084656 0.039007936507936505 0.019014550264550265
2 0.18961309523809525 0.767609126984127 0.023005952380952384 0.02066798941798942
2 0.12234375 0.7465277777777778 0.055746527777777784 0.04133597883597884
1 0.0736780753968254 0.8626818783068783 0.021664186507936507 0.027281746031746032
4 0.36381448412698414 0.5902777777777778 0.038938492063492064 0.018187830687830687
4 0.42084325396825395 0.8416005291005291 0.13315476190476191 0.0496031746031746
2 0.2816071428571429 0.7388128306878307 0.022242063492063494 0.017086640211640212
2 0.8554637896825397 0.5522486772486772 0.05001488095238095 0.016534391534391533