2 0.5500297619047618 0.36537698412698416 0.14104166666666665 0.05649140211640212
4 0.4306299603174603 0.39772156084656085 0.04096726190476191 0.03553571428571428
2 0.4461706349206349 0.5075165343915344 0.10143601190476191 0.043736772486772484
2 0.6684151785714286 0.3911177248677249 0.04842757936507936 0.01776785714285714
2 0.3836458333333333 0.9462433862433862 0.1677281746031746 0.10751653439153439
4 0.6510019841269842 0.8389550264550265 0.07989087301587301 0.10068452380952382
2 0.6352876984126984 0.749431216931217 0.07784474206349207 0.04100198412698412
2 0.5546577380952381 0.7125297619047619 0.07786210317460317 0.04100198412698412
2 0.4828720238095238 0.7403935185185184 0.11331349206349206 0.06185846560846561
2 0.5368998015873017 0.7608432539682539 0.05125248015873016 0.049163359788359784
2 0.717001488095238 0.927635582010582 0.10505952380952381 0.07698743386243387
2 0.7124751984126984 0.8686375661375663 0.05789434523809524 0.05057208994708995
2 0.8254960317460318 0.8725363756613758 0.10542162698412698 0.09309193121693121
2 0.7668849206349206 0.9685681216931217 0.06265376984126984 0.05914021164021164
4 0.7326934523809523 0.9919642857142856 0.05721230158730159 0.016071428571428573
4 0.8443229166666667 0.7305125661375662 0.08024801587301587 0.0568287037037037
1 0.699734623015873 0.7210978835978835 0.02400049603174603 0.02676256613756614
2 0.8430704365079366 0.9517162698412698 0.01628720238095238 0.04262235449735449
2 0.6883779761904761 0.7704001322751323 0.04352926587301587 0.0494510582010582
4 0.5206498015873017 0.8079761904761905 0.06093501984126984 0.046378968253968256
2 0.4006969246031746 0.7810152116402116 0.06492807539682541 0.0494510582010582
2 0.18256448412698414 0.7990376984126984 0.09383928571428572 0.06816798941798942
2 0.27894097222222225 0.8167791005291005 0.11560515873015872 0.07236111111111111
2 0.10455357142857143 0.6627050264550265 0.02917906746031746 0.03180555555555556
2 0.026803075396825395 0.385082671957672 0.053603670634920636 0.052757936507936504
2 0.12223958333333333 0.5794378306878307 0.11787450396825397 0.03853505291005291
2 0.1749032738095238 0.625598544973545 0.044751984126984126 0.01707010582010582
2 0.2964409722222222 0.6527083333333333 0.06601934523809523 0.04491071428571429
4 0.14298859126984126 0.6549570105820105 0.03865575396825397 0.03325396825396826
4 0.19587301587301587 0.57239417989418 0.03549107142857143 0.027903439153439152
4 0.6460813492063492 0.7707738095238096 0.036319444444444446 0.03478174603174603
4 0.35812251984126986 0.6377546296296296 0.021711309523809525 0.017199074074074075
2 0.3672891865079365 0.7021626984126985 0.10941964285714285 0.09861772486772488
4 0.09717261904761905 0.6111574074074074 0.03835813492063492 0.017910052910052907
4 0.01889384920634921 0.601468253968254 0.02837797619047619 0.018498677248677247
2 0.5192410714285715 0.5712698412698413 0.115 0.06895171957671957