1 0.9634320175438597 0.7492690058479532 0.07313596491228071 0.10964912280701754
2 0.1917077850877193 0.16812865497076024 0.050158991228070174 0.048731725146198834
2 0.252922149122807 0.22417032163742692 0.037354714912280707 0.029239766081871343
2 0.11084978070175439 0.2747331871345029 0.07667214912280701 0.04751461988304093
2 0.2899259868421053 0.38742690058479534 0.05104989035087719 0.048731725146198834
2 0.42195723684210523 0.21298245614035088 0.03910910087719298 0.018782894736842106
2 0.4636485745614035 0.20866228070175438 0.03290021929824561 0.019155701754385964
2 0.4836485745614035 0.2375877192982456 0.03402412280701755 0.013899853801169591
2 0.2964665570175439 0.1915716374269006 0.01575657894736842 0.01577485380116959
4 0.14300438596491227 0.7653728070175438 0.1734731359649123 0.09036915204678363
2 0.04101425438596491 0.767218567251462 0.038651315789473686 0.08114766081871345
4 0.09944627192982455 0.7026681286549707 0.07390625 0.05901681286549708
4 0.2460498903508772 0.301078216374269 0.024081688596491225 0.02674342105263158
3 0.6540762061403509 0.7455482456140351 0.15129385964912279 0.06178362573099415
2 0.017069627192982457 0.9326279239766082 0.03413651315789474 0.12792397660818713