0 0.22075260416666667 0.36574074074074076 0.019005208333333336 0.040125
3 0.535921875 0.3252546296296296 0.05792708333333333 0.04968518518518518
3 0.6295989583333333 0.3633888888888889 0.05296614583333333 0.03341203703703704
3 0.45915625000000004 0.5758425925925925 0.062010416666666665 0.05581481481481482
3 0.39476041666666667 0.30786111111111114 0.022869791666666663 0.019805555555555555
3 0.27667708333333335 0.49189351851851854 0.026020833333333333 0.07075462962962964
3 0.23522395833333334 0.5859537037037037 0.07036197916666667 0.035388888888888886
1 0.5062942708333333 0.5156805555555555 0.03844010416666667 0.048796296296296296
1 0.1663671875 0.5355462962962962 0.059171875 0.04900462962962963
1 0.11868489583333333 0.8748796296296296 0.054906250000000004 0.08082870370370371
4 0.39371354166666667 0.44925925925925925 0.028729166666666663 0.039342592592592596
2 0.363203125 0.28661111111111115 0.040734374999999996 0.041805555555555554
2 0.2207578125 0.1844074074074074 0.021906250000000002 0.01349074074074074
2 0.4029713541666667 0.12291203703703704 0.019049479166666668 0.016462962962962964
2 0.245140625 0.08195370370370371 0.022955729166666668 0.02304166666666667
2 0.025213541666666665 0.29512037037037037 0.0270859375 0.04292129629629629