0 0.40014973958333333 0.38266782407407407 0.02912109375 0.0390625
2 0.16254774305555555 0.27416087962962965 0.05087673611111111 0.044849537037037035
1 0.9187022569444445 0.791004050925926 0.07228298611111111 0.09952546296296295
4 0.5800607638888889 0.5518460648148148 0.05008463541666666 0.06535879629629629
4 0.74158203125 0.39178819444444446 0.08680772569444445 0.060162037037037035
2 0.5789474826388888 0.33348379629629626 0.03783203125 0.0430787037037037
1 0.5822873263888888 0.3787905092592592 0.05453993055555555 0.059418402777777775
4 0.7374066840277778 0.31157407407407406 0.052832031249999994 0.03045138888888889
1 0.6079079861111111 0.25475694444444447 0.057875434027777777 0.034166666666666665
2 0.46003038194444446 0.33793981481481483 0.07517795138888889 0.054962384259259256
3 0.5263107638888889 0.2636689814814815 0.05622395833333333 0.04010706018518519
3 0.7989539930555556 0.09952546296296295 0.05337456597222222 0.02673900462962963