3 0.7071726190476191 0.2459325396825397 0.027281746031746032 0.01484457671957672
4 0.2748611111111111 0.5660912698412698 0.03554563492063492 0.04552579365079365
2 0.40250992063492064 0.4255588624338625 0.06668650793650793 0.019794973544973546
2 0.28300099206349205 0.8476554232804233 0.03698412698412699 0.044533730158730155
2 0.32567708333333334 0.84369708994709 0.03771577380952381 0.020783730158730158
2 0.07629960317460317 0.8164781746031746 0.030478670634920636 0.021772486772486773
2 0.15034226190476188 0.892364417989418 0.026646825396825398 0.013878968253968253
2 0.21385912698412698 0.901795634920635 0.042643849206349206 0.023488756613756614
2 0.24375992063492063 0.7675000000000001 0.16348214285714285 0.038766534391534394
2 0.24329117063492064 0.8213657407407408 0.021902281746031746 0.020694444444444442
2 0.5090426587301587 0.8993253968253968 0.024464285714285713 0.017820767195767195
4 0.33628968253968256 0.8927414021164022 0.039285714285714285 0.05303571428571428
4 0.030500992063492063 0.7299305555555555 0.03931299603174603 0.029652777777777778