1 0.06151589912280701 0.5293603801169591 0.06572094298245613 0.04751461988304093
1 0.23008223684210527 0.5659100877192982 0.05380482456140351 0.0402046783625731
1 0.43291666666666667 0.5263157894736842 0.07780975877192983 0.04142178362573099
1 0.6786759868421053 0.5116959064327485 0.04273300438596491 0.03654970760233918
0 0.35901041666666667 0.6068932748538012 0.03940241228070176 0.024864766081871346
0 0.3982565789473684 0.5415497076023392 0.02334703947368421 0.027178362573099416
0 0.5324698464912281 0.7297733918128655 0.03589089912280702 0.047419590643274855
4 0.5192461622807018 0.4897916666666666 0.02331688596491228 0.02428728070175439
4 0.45788377192982455 0.6473720760233919 0.029838267543859646 0.03874269005847953
4 0.3954358552631579 0.7974305555555555 0.04979989035087719 0.05435672514619883
0 0.1055482456140351 0.861907894736842 0.03729440789473684 0.06881213450292398