2 0.6708878968253968 0.24901785714285712 0.04393105158730159 0.028273809523809524
4 0.44133432539682543 0.32839616402116406 0.06355654761904762 0.0456712962962963
2 0.531031746031746 0.43034060846560845 0.09696924603174603 0.08971230158730159
2 0.5230977182539683 0.2525496031746032 0.16438244047619047 0.06252645502645503
2 0.6782242063492063 0.49857804232804237 0.0969345238095238 0.11961640211640212
2 0.4975967261904762 0.7590112433862434 0.11736359126984126 0.08155423280423281
2 0.4140277777777778 0.7973412698412697 0.11583829365079365 0.06252645502645503
2 0.5581498015873015 0.6440178571428571 0.062306547619047616 0.05165343915343915
2 0.3561259920634921 0.7494973544973546 0.06118799603174603 0.03968915343915344
2 0.6458085317460318 0.9374107142857143 0.10795138888888889 0.12517857142857144
2 0.6413219246031746 0.6486375661375662 0.11692212301587301 0.13266534391534393
2 0.7228794642857143 0.6684854497354498 0.05515873015873016 0.07883597883597884
2 0.9908333333333333 0.6850661375661375 0.018330853174603173 0.0260978835978836
2 0.785890376984127 0.8071296296296298 0.12713789682539683 0.16365410052910054
2 0.8105605158730158 0.7168749999999999 0.08432043650793651 0.03099206349206349
2 0.8772222222222222 0.6834358465608465 0.12630208333333334 0.09025462962962963
2 0.8980183531746032 0.6149305555555555 0.09367807539682539 0.05763227513227513
2 0.980233134920635 0.588832671957672 0.03953621031746032 0.060896164021164025
4 0.980233134920635 0.6442890211640211 0.03953621031746032 0.0326223544973545
2 0.954905753968254 0.6875132275132275 0.05515625 0.06252645502645503
2 0.27352926587301585 0.656521164021164 0.11288938492063492 0.08753637566137565
2 0.39972470238095237 0.6625033068783069 0.05455357142857143 0.035340608465608464
2 0.4608779761904762 0.661686507936508 0.13363839285714288 0.13701388888888888
2 0.6027529761904762 0.3109391534391534 0.05284970238095238 0.03786375661375661
2 0.4705877976190476 0.296792328042328 0.11556299603174602 0.04819113756613756