1 0.441953125 0.6795833333333334 0.05479947916666667 0.04808333333333333
1 0.420453125 0.4185185185185185 0.03686458333333333 0.04063425925925926
1 0.49301302083333337 0.1378148148148148 0.03265885416666667 0.015574074074074074
0 0.5156744791666666 0.16016203703703702 0.013989583333333333 0.008805555555555556
0 0.3827447916666667 0.811300925925926 0.026208333333333333 0.06230555555555556
0 0.2682890625 0.730712962962963 0.036520833333333336 0.03927777777777778
4 0.24638802083333333 0.7175046296296296 0.0445234375 0.026412037037037036
2 0.31361197916666667 0.7889537037037038 0.05555208333333333 0.06365740740740741
2 0.5836614583333334 0.799787037037037 0.03568229166666667 0.05282407407407407
0 0.5537630208333333 0.7943703703703703 0.0238828125 0.05959259259259259
4 0.8314791666666667 0.6267592592592592 0.017057291666666665 0.033185185185185186
4 0.7653932291666667 0.5945925925925926 0.028119791666666668 0.027087962962962963
4 0.8086249999999999 0.7354537037037037 0.028489583333333336 0.05011574074074074
0 0.6065651041666666 0.5482037037037036 0.022825520833333335 0.03453703703703703
4 0.9718359375 0.10564351851851851 0.010549479166666665 0.010833333333333332
4 0.4477057291666667 0.21366203703703704 0.008330729166666667 0.01286574074074074