2 0.6066753472222222 0.4738686342592593 0.04976996527777778 0.03924189814814815
2 0.3231098090277778 0.24614872685185188 0.05160590277777778 0.038052662037037034
2 0.12847005208333334 0.12466145833333332 0.05371527777777778 0.021192129629629627
2 0.10509982638888889 0.15894386574074074 0.019131944444444444 0.011218171296296297
2 0.42373046875 0.3514033564814815 0.07351128472222222 0.09909143518518518
4 0.71958984375 0.5527951388888889 0.08445095486111111 0.07615162037037038
4 0.3040125868055556 0.76703125 0.061156684027777776 0.09541956018518517
3 0.7216536458333334 0.4220515046296296 0.09133029513888889 0.05504918981481482
3 0.6961935763888889 0.7454716435185185 0.12711588541666666 0.13670717592592593
1 0.5548025173611112 0.5720630787037037 0.08242621527777777 0.0889988425925926
0 0.5486197916666666 0.6229832175925927 0.06068576388888888 0.06422453703703704
4 0.7512369791666667 0.25139467592592596 0.14774305555555556 0.04771122685185185
2 0.4980403645833333 0.2064380787037037 0.055605468750000005 0.03853587962962963