0 0.25769010416666666 0.3269675925925926 0.017515625 0.028935185185185185
1 0.44448177083333335 0.49768055555555557 0.034515625 0.0429537037037037
1 0.17847916666666666 0.5311898148148148 0.051783854166666664 0.052097222222222225
2 0.2780625 0.5966481481481481 0.05954947916666666 0.07624537037037037
2 0.35031510416666667 0.2958148148148148 0.043835937500000005 0.05340740740740741
3 0.2121171875 0.4115185185185185 0.027919270833333332 0.06506018518518518
3 0.4497786458333334 0.3659861111111111 0.06052864583333333 0.07122222222222223
3 0.396421875 0.5778703703703704 0.038450520833333335 0.07213425925925926
3 0.5797838541666667 0.5612870370370371 0.0653359375 0.06136111111111111
3 0.401375 0.3086851851851852 0.021307291666666665 0.027694444444444445
4 0.3580052083333333 0.4066898148148148 0.0241171875 0.02561574074074074
2 0.04253645833333333 0.21203240740740742 0.029903645833333332 0.03183333333333334