4 0.13609114583333334 0.10801851851851851 0.020317708333333333 0.02750925925925926
1 0.16876822916666667 0.16210648148148146 0.0766328125 0.028125
2 0.28447916666666667 0.4956157407407407 0.065703125 0.05433796296296296
4 0.2657265625 0.5252546296296297 0.05413020833333334 0.016467592592592593
0 0.42339322916666666 0.3009074074074074 0.027700520833333336 0.04528240740740741
0 0.48127343749999996 0.29720370370370375 0.032317708333333334 0.03293055555555555
2 0.5609166666666667 0.4153472222222222 0.045263020833333334 0.06339351851851852
4 0.6669921875 0.062157407407407404 0.0203125 0.01564351851851852
1 0.6926744791666667 0.06478703703703703 0.03026302083333333 0.014939814814814815
0 0.7235442708333333 0.057666666666666665 0.024395833333333335 0.017370370370370373
0 0.7420104166666667 0.060097222222222225 0.016835937500000002 0.019453703703703706
0 0.7628177083333333 0.07416666666666666 0.0169609375 0.021189814814814818
4 0.7915364583333333 0.06843518518518518 0.0357109375 0.030569444444444444
4 0.7611562500000001 0.16309722222222223 0.013250000000000001 0.022578703703703705
0 0.6851536458333333 0.29736574074074074 0.021864583333333333 0.03334722222222222
0 0.9868880208333334 0.21416666666666667 0.026221354166666665 0.028833333333333332
0 0.9023385416666667 0.30257407407407405 0.019307291666666667 0.0402962962962963
4 0.8870963541666667 0.4832175925925926 0.038848958333333336 0.04446759259259259
4 0.9337942708333333 0.5123981481481481 0.025552083333333333 0.07086574074074074
4 0.8292864583333334 0.6468518518518519 0.030125000000000002 0.08613425925925926
4 0.8048229166666666 0.7875601851851852 0.04835677083333333 0.07931018518518519
4 0.6223229166666666 0.49249074074074073 0.031697916666666666 0.06737037037037037
0 0.5980703125000001 0.4592314814814815 0.019570312500000003 0.03155555555555555
4 0.48078125 0.9673333333333334 0.07569010416666666 0.06532870370370371
4 0.5723932291666666 0.987375 0.05648177083333333 0.025249999999999998