2 0.6325868055555556 0.741630291005291 0.14524553571428572 0.08318783068783069
2 0.5472569444444444 0.9131051587301587 0.059340277777777777 0.08868055555555555
2 0.5958110119047619 0.8142228835978836 0.02931547619047619 0.07455687830687831
2 0.7399950396825397 0.6262632275132275 0.09519593253968253 0.06906084656084656
2 0.8429910714285714 0.6235185185185185 0.05161954365079365 0.054150132275132275
2 0.5078249007936508 0.4830390211640212 0.05464285714285714 0.03845568783068783
2 0.5625570436507936 0.39239748677248676 0.0640451388888889 0.036101190476190474
2 0.8103273809523809 0.3370667989417989 0.03809027777777778 0.02119047619047619
2 0.8132688492063492 0.18167989417989416 0.06280753968253969 0.04002314814814815
4 0.18204365079365079 0.5666203703703704 0.03993551587301587 0.0502281746031746
2 0.005109126984126984 0.3935747354497355 0.010218253968253968 0.03845568783068783
2 0.20293154761904764 0.05925264550264551 0.0970188492063492 0.02119047619047619
2 0.45217509920634924 0.49441798941798937 0.05517361111111111 0.07063161375661375
4 0.6258308531746032 0.2891964285714286 0.04226686507936508 0.03374669312169312