1 0.4390703125 0.49762499999999993 0.04432291666666666 0.04977314814814815
1 0.10352604166666667 0.8915648148148148 0.05552864583333333 0.07438425925925925
1 0.1493203125 0.3491342592592593 0.0377421875 0.03656018518518518
0 0.30359895833333334 0.3409027777777778 0.014265625 0.02524074074074074
4 0.353734375 0.073125 0.018184895833333332 0.01449537037037037
4 0.0891640625 0.27581944444444445 0.01913802083333333 0.06744444444444445
2 0.0082578125 0.2524814814814815 0.016518229166666665 0.02847685185185185
3 0.5346744791666667 0.30887499999999996 0.031104166666666665 0.061518518518518514
3 0.32385937499999995 0.45228703703703704 0.054783854166666666 0.040115740740740743
3 0.396421875 0.9169259259259259 0.05147395833333333 0.16615277777777776
3 0.39877083333333335 0.5351111111111111 0.02362239583333333 0.03034722222222222
2 0.5223619791666666 0.09575462962962963 0.0107734375 0.012416666666666666