3 0.24658234126984127 0.09273809523809523 0.04645337301587302 0.023257275132275133
4 0.2857142857142857 0.3441104497354497 0.05762648809523809 0.04532407407407407
2 0.3360243055555555 0.37929563492063495 0.09115575396825397 0.07633597883597884
2 0.05375496031746032 0.9117989417989418 0.10750992063492064 0.17640211640211642
3 0.6175917658730159 0.7290707671957672 0.15780257936507935 0.09005291005291005
2 0.7141964285714285 0.5424041005291005 0.11216269841269841 0.078125
2 0.6325793650793651 0.39241732804232804 0.04554563492063492 0.06440806878306879
2 0.4404935515873016 0.6452810846560846 0.07376488095238096 0.05963624338624339
2 0.5878571428571429 0.6634689153439153 0.03660962301587302 0.033994708994708994
2 0.628107638888889 0.6530324074074074 0.04107390873015873 0.03339616402116402
2 0.833608630952381 0.7019378306878307 0.058467261904761904 0.07633597883597884
2 0.805218253968254 0.7791666666666666 0.05825396825396825 0.03280092592592593
2 0.7743526785714285 0.8665376984126983 0.031200396825396826 0.025046296296296296
2 0.6082068452380952 0.8650462962962964 0.04689236111111111 0.04950066137566138
4 0.685577876984127 0.8149503968253968 0.04687251984126985 0.033994708994708994
4 0.5346304563492064 0.6100958994708995 0.14932539682539683 0.06917989417989417
4 0.516748511904762 0.5307771164021163 0.04109871031746032 0.028627645502645502
2 0.9075545634920635 0.7699239417989417 0.18488839285714287 0.22304563492063492
4 0.9668204365079365 0.9541402116402117 0.06635912698412698 0.09171626984126985
2 0.801875 0.9228935185185185 0.06388144841269841 0.06739087301587302
4 0.8890823412698413 0.6312665343915345 0.1166344246031746 0.057847222222222223
2 0.763640873015873 0.7946726190476191 0.023191964285714288 0.03995701058201058
2 0.537485119047619 0.8234490740740741 0.011552579365079365 0.040879629629629634
2 0.7704960317460318 0.26058862433862434 0.023541666666666666 0.023799603174603175