1 0.959672619047619 0.4183201058201058 0.0806547619047619 0.12566137566137567
1 0.9166964285714285 0.8655753968253969 0.12863095238095237 0.1173941798941799
3 0.5366691468253968 0.4183201058201058 0.0709077380952381 0.036375661375661374
4 0.32773313492063494 0.5755224867724869 0.05933531746031746 0.07681878306878308
1 0.031225198412698413 0.7448743386243386 0.062450396825396826 0.054563492063492064
2 0.2918452380952381 0.9573346560846561 0.10536458333333333 0.08533068783068784
2 0.23066220238095236 0.7801785714285715 0.038286210317460316 0.023865740740740743
2 0.5015401785714286 0.8308134920634921 0.08548363095238096 0.038703703703703705
2 0.4730109126984127 0.9127347883597884 0.11090277777777778 0.08772486772486772
2 0.3104836309523809 0.7437334656084656 0.1466592261904762 0.07611441798941798
4 0.09521081349206349 0.671167328042328 0.08267609126984128 0.047086640211640204
2 0.7336359126984127 0.9258498677248678 0.3968105158730159 0.14829695767195766
2 0.967921626984127 0.7975529100529101 0.06415674603174604 0.05934854497354497
2 0.6217311507936508 0.8397089947089947 0.12515625 0.1363690476190476
2 0.25473214285714285 0.9227843915343915 0.04957837301587302 0.02443121693121693