2 0.6677138157894738 0.5945431286549708 0.04273574561403509 0.07309941520467836
1 0.7426315789473684 0.2972697368421053 0.05185581140350877 0.034111842105263156
4 0.384484649122807 0.41118421052631576 0.07021381578947368 0.05482456140350877
2 0.3164172149122807 0.3527046783625731 0.0875877192982456 0.06457236842105263
2 0.45118146929824565 0.9216630116959065 0.0482702850877193 0.05726242690058479
2 0.324640899122807 0.5677375730994152 0.09123903508771929 0.07553728070175438
2 0.3835800438596491 0.5707858187134504 0.0814501096491228 0.07188230994152046
2 0.23510416666666667 0.5238779239766082 0.07664473684210527 0.05604166666666667
4 0.6995285087719298 0.21578216374269005 0.030852521929824562 0.021264619883040934
2 0.33224506578947366 0.7164875730994151 0.0867297149122807 0.09033625730994152
2 0.39268366228070173 0.6816520467836257 0.07476151315789474 0.0962390350877193
2 0.4493612938596491 0.6553801169590643 0.04375274122807018 0.04487207602339181
2 0.3112171052631579 0.642094298245614 0.03138706140350877 0.03247441520467836
2 0.23859923245614034 0.6908040935672515 0.07479714912280702 0.05313961988304093
2 0.384265350877193 0.47766081871345034 0.08537554824561404 0.05668128654970761
4 0.03799342105263158 0.5517580409356725 0.07566885964912282 0.09741959064327486