2 0.07047371031746032 0.5588624338624338 0.10037450396825397 0.12896825396825398
2 0.052495039682539685 0.7242063492063492 0.10409970238095238 0.1455026455026455
2 0.20685267857142856 0.8068783068783069 0.12015625 0.06283068783068783
2 0.22607638888888887 0.87880291005291 0.06435763888888889 0.08101851851851852
2 0.13195436507936506 0.729024470899471 0.06322668650793652 0.08120701058201057
2 0.22171875000000002 0.7499834656084655 0.07930059523809524 0.0340542328042328
2 0.28221478174603176 0.7025694444444445 0.11934771825396825 0.0922089947089947
2 0.3005133928571429 0.6281712962962963 0.08599702380952381 0.06601190476190476
2 0.39205357142857145 0.6789914021164021 0.023102678571428573 0.02724206349206349
4 0.40717261904761903 0.6546296296296296 0.08399057539682539 0.08120701058201057
2 0.37616319444444446 0.5810218253968253 0.04004464285714286 0.05762896825396826
2 0.47477430555555555 0.6433664021164021 0.09188244047619049 0.08906415343915343
2 0.4730059523809524 0.6994246031746032 0.09620287698412698 0.08801587301587302
4 0.5413665674603174 0.7340013227513227 0.058462301587301584 0.04505621693121693
2 0.5464756944444444 0.6873743386243386 0.04746031746031747 0.04715277777777778
2 0.584967757936508 0.6318386243386244 0.12444444444444444 0.06391865079365079
4 0.7617857142857143 0.6318386243386244 0.06785962301587302 0.09535383597883598
2 0.8543427579365079 0.4246329365079365 0.08558035714285714 0.08330357142857142
2 0.835486111111111 0.4977182539682539 0.07930059523809524 0.023052248677248675
2 0.926235119047619 0.419917328042328 0.11383184523809524 0.08749338624338623
4 0.9199503968253968 0.3680489417989418 0.07455357142857143 0.027767857142857143
2 0.9682738095238095 0.516577380952381 0.05253472222222222 0.03772156084656084
2 0.9788616071428572 0.41677248677248674 0.04227678571428572 0.055009920634920634
1 0.3989583333333333 0.5201388888888889 0.023980654761904762 0.02755621693121693
2 0.03158730158730159 0.3181812169312169 0.06057539682539683 0.04101190476190476
2 0.6762624007936509 0.7132671957671958 0.15369047619047618 0.08733796296296296
2 0.971046626984127 0.27452050264550265 0.032862103174603176 0.025869708994708997
4 0.9696999007936508 0.5952876984126985 0.06059771825396826 0.030909391534391532
4 0.5853596230158731 0.46279761904761907 0.03139632936507936 0.031507936507936506