2 0.9820138888888889 0.750003306878307 0.035969742063492065 0.08651124338624339
2 0.6479389880952381 0.7576785714285713 0.20503224206349208 0.2190707671957672
2 0.7777108134920635 0.8159325396825398 0.10473214285714286 0.1137202380952381
2 0.4441617063492063 0.750353835978836 0.08422123015873015 0.10814153439153439
2 0.5087772817460318 0.8082605820105819 0.043921130952380955 0.03837301587301588
2 0.6817410714285714 0.9535284391534391 0.07026289682539683 0.07885582010582011
2 0.04458829365079365 0.7103869047619048 0.0891765873015873 0.10921957671957672
2 0.269952876984127 0.49353174603174604 0.05496775793650793 0.04441468253968254
2 0.02997271825396825 0.4679265873015873 0.0599454365079365 0.04849206349206349
2 0.22373511904761906 0.7188558201058202 0.08346230158730158 0.05970238095238095
2 0.49911706349206353 0.8981382275132275 0.22942460317460317 0.1183829365079365