2 0.9317708333333333 0.7192460317460317 0.13645833333333335 0.12896825396825398
2 0.5434647817460317 0.500165343915344 0.2378249007936508 0.05787037037037037
2 0.31099454365079365 0.6506283068783069 0.09282490079365079 0.05125661375661376
2 0.4070486111111111 0.7423941798941799 0.0759548611111111 0.05988095238095238
2 0.4519543650793651 0.6776256613756614 0.023707837301587303 0.024441137566137566
2 0.4851686507936508 0.6495171957671958 0.11487847222222222 0.08554232804232804
2 0.5326066468253968 0.7081779100529101 0.08445188492063492 0.051326058201058206
2 0.20840773809523808 0.926494708994709 0.19560267857142857 0.147010582010582
2 0.34426339285714286 0.8218287037037038 0.22534722222222223 0.125869708994709
2 0.36238839285714286 0.929672619047619 0.12151785714285714 0.07882275132275132
2 0.247594246031746 0.7781382275132276 0.06500496031746032 0.05926917989417989
2 0.2842534722222222 0.5994146825396826 0.021006944444444446 0.06110119047619048
2 0.28813988095238097 0.5205919312169313 0.13143105158730156 0.07209986772486772
2 0.02528769841269841 0.6654034391534391 0.05057539682539682 0.03543981481481481
2 0.6197098214285715 0.7967757936507935 0.07325644841269842 0.05254960317460317
2 0.5399826388888889 0.8630720899470898 0.0558655753968254 0.03849537037037037
2 0.48065228174603175 0.7680555555555555 0.02521825396825397 0.024441137566137566
2 0.6840848214285714 0.7210085978835978 0.09019097222222222 0.07698743386243387
1 0.6634697420634921 0.6727380952380952 0.038876488095238096 0.021997354497354495
2 0.6197123015873015 0.6922916666666666 0.03201636904761905 0.03421626984126984
4 0.8300396825396825 0.6919841269841269 0.10530505952380952 0.08004298941798942
2 0.8027752976190476 0.6018584656084656 0.1295957341269841 0.06232473544973545
2 0.9260367063492064 0.6360747354497355 0.03975446428571428 0.024441137566137566
2 0.34382440476190473 0.03635582010582011 0.07140873015873016 0.02138558201058201
2 0.5280257936507936 0.7646957671957673 0.025535714285714283 0.03238425925925926