2 0.7341865079365079 0.5449603174603175 0.1268501984126984 0.14681878306878307
2 0.8307192460317461 0.46161044973544973 0.05227926587301587 0.05556547619047619
2 0.8311036706349207 0.5215112433862433 0.02322420634920635 0.055056216931216935
2 0.8005183531746032 0.6762301587301588 0.04999255952380952 0.06270502645502646
2 0.736671626984127 0.7052876984126984 0.13563988095238094 0.2584623015873016
4 0.8421180555555555 0.9190608465608465 0.27409722222222227 0.16187830687830687
2 0.9235813492063493 0.37141203703703707 0.07473214285714286 0.14856481481481482
2 0.5926463293650794 0.41574404761904765 0.028687996031746033 0.023164682539682537
2 0.9385094246031747 0.7710714285714285 0.040669642857142856 0.04293650793650794
2 0.9087003968253968 0.7482208994708994 0.024680059523809524 0.027146164021164022
4 0.03692956349206349 0.4784126984126984 0.024722222222222225 0.04708002645502646
1 0.0392906746031746 0.40945767195767196 0.04390376984126984 0.021130952380952382
1 0.11407490079365079 0.4444907407407408 0.028874007936507937 0.01631283068783069
1 0.16606150793650792 0.4014880952380952 0.02330109126984127 0.01631283068783069
2 0.15938988095238094 0.603343253968254 0.05388392857142857 0.07525462962962963