2 0.4949107142857143 0.7345833333333334 0.05170386904761905 0.05725198412698412
2 0.08200892857142858 0.6300330687830688 0.07080853174603174 0.057053571428571426
2 0.11269345238095238 0.758829365079365 0.07926835317460318 0.05739087301587302
2 0.3713492063492063 0.7945965608465609 0.1022048611111111 0.0872718253968254
2 0.39046130952380953 0.9461210317460318 0.15034722222222224 0.10775462962962963
2 0.3427356150793651 0.4755919312169312 0.033581349206349205 0.03435185185185185
2 0.2763144841269841 0.30325066137566137 0.05787202380952381 0.040502645502645505
4 0.6368998015873016 0.591031746031746 0.019037698412698412 0.04583002645502646
2 0.8961780753968254 0.8236541005291005 0.079375 0.04254960317460317
2 0.939657738095238 0.9770833333333333 0.12068204365079364 0.04583664021164022
2 0.05357390873015873 0.783779761904762 0.08193948412698412 0.10874669312169313
4 0.03944692460317461 0.4724702380952381 0.05320436507936508 0.023974867724867725