2 0.0531015625 0.1784537037037037 0.028536458333333334 0.027532407407407408
2 0.045953125000000004 0.290462962962963 0.03657291666666666 0.03534722222222222
4 0.14915625 0.2844351851851852 0.024333333333333332 0.05835648148148148
0 0.3730859375 0.3435138888888889 0.013346354166666666 0.03206944444444444
1 0.2582057291666667 0.34149537037037037 0.030151041666666666 0.03888888888888889
4 0.22510416666666666 0.3072314814814815 0.017018229166666666 0.027134259259259257
1 0.11711197916666666 0.547425925925926 0.0325703125 0.03350925925925926
1 0.3009609375 0.8024398148148149 0.039111979166666665 0.053662037037037036
3 0.4805390625 0.4194351851851852 0.05589583333333333 0.02861574074074074
3 0.5907213541666666 0.4412361111111111 0.02499739583333333 0.019625
1 0.627921875 0.4407962962962963 0.04820572916666667 0.030430555555555558
2 0.5142135416666667 0.5271527777777778 0.0485703125 0.06370833333333334