0 0.2255234375 0.5455231481481481 0.038966145833333334 0.029319444444444443
3 0.3096796875 0.7014675925925926 0.043356770833333336 0.09808796296296296
3 0.5694713541666666 0.3436666666666667 0.0447109375 0.035916666666666666
3 0.6274192708333334 0.6056527777777778 0.033002604166666664 0.05824074074074074
3 0.17884375 0.3657268518518519 0.032984374999999996 0.015148148148148148
3 0.3316380208333333 0.2609722222222222 0.04430208333333333 0.03943518518518519
1 0.24663281250000002 0.7059768518518519 0.05658333333333333 0.05496296296296296
1 0.0323046875 0.8965787037037036 0.0530625 0.09212962962962963
1 0.440046875 0.7087453703703704 0.04888020833333333 0.062296296296296294
4 0.4010520833333333 0.598199074074074 0.038598958333333336 0.028703703703703703
3 0.4432291666666667 0.3005833333333333 0.013578125 0.02949537037037037
2 0.4654036458333334 0.24000925925925923 0.035791666666666666 0.05306018518518518