2 0.7093799603174603 0.542010582010582 0.19294642857142857 0.1644675925925926
2 0.862125496031746 0.7266071428571429 0.0784672619047619 0.05746362433862434
2 0.9507167658730159 0.6465608465608466 0.09856894841269842 0.12444444444444444
2 0.5870833333333333 0.7341600529100529 0.24101190476190476 0.29964285714285716
2 0.6248115079365079 0.9334126984126984 0.14484375 0.1331712962962963
2 0.46015873015873016 0.5398015873015872 0.11282738095238096 0.1027281746031746
2 0.5475074404761905 0.5608531746031746 0.09241567460317461 0.1108994708994709
2 0.5671626984126985 0.4853505291005291 0.06228422619047619 0.08421296296296296
2 0.2798685515873016 0.5020601851851851 0.0730109126984127 0.05212301587301588
2 0.36900545634920634 0.5649107142857143 0.07106150793650794 0.06476190476190476
2 0.22714781746031745 0.6066865079365079 0.10314980158730158 0.1086276455026455
2 0.19182787698412698 0.744103835978836 0.16644097222222223 0.158859126984127
1 0.17485367063492063 0.7288458994708995 0.09899057539682539 0.13324404761904762
2 0.11138640873015873 0.4547222222222222 0.05516369047619047 0.02736111111111111
2 0.024541170634920634 0.499239417989418 0.04908482142857143 0.0886276455026455
4 0.10564236111111111 0.68567791005291 0.1346106150793651 0.11670304232804234
4 0.052495039682539685 0.980843253968254 0.10499007936507937 0.03831349206349206
2 0.1376810515873016 0.5327513227513228 0.023425099206349206 0.02689484126984127
2 0.8505084325396826 0.3756977513227513 0.028777281746031745 0.02143187830687831
2 0.4525372023809524 0.09591600529100529 0.04632440476190476 0.03726851851851852
2 0.5884697420634921 0.1342559523809524 0.020572916666666666 0.016947751322751323
2 0.22581597222222222 0.1534887566137566 0.02773561507936508 0.020138888888888887
4 0.10388888888888889 0.48729497354497353 0.06771825396825397 0.04842261904761905