3 0.09351438492063492 0.8083829365079366 0.17138392857142856 0.0725297619047619
2 0.1782018849206349 0.6160416666666667 0.10251488095238094 0.09548280423280424
2 0.07803075396825397 0.7340178571428572 0.04677083333333334 0.04131283068783069
2 0.026247519841269842 0.7569907407407407 0.04911706349206349 0.04133267195767196
4 0.16927083333333334 0.8895205026455026 0.04726686507936508 0.029312169312169314
2 0.06640873015873015 0.9545337301587302 0.04898313492063492 0.05862433862433863
2 0.021599702380952383 0.9079332010582011 0.03602926587301587 0.022549603174603174
2 0.24768105158730158 0.9422486772486773 0.03470734126984127 0.027857142857142855
2 0.2670287698412699 0.8334656084656085 0.05669146825396826 0.04896825396825397
2 0.23053075396825398 0.8620535714285714 0.017998511904761903 0.041636904761904764
2 0.2786830357142857 0.7452083333333334 0.07076140873015874 0.09001653439153438
2 0.05862847222222222 0.5059986772486773 0.047966269841269844 0.08759589947089946
2 0.1870188492063492 0.3269212962962963 0.02222222222222222 0.02269510582010582
4 0.34478174603174605 0.6538392857142857 0.09222966269841269 0.07943783068783068
2 0.47640128968253964 0.6187037037037038 0.03269345238095238 0.017896825396825397
4 0.5215699404761904 0.7225859788359789 0.049702380952380956 0.06416335978835978
4 0.43466517857142856 0.9589351851851853 0.08016369047619049 0.07594576719576719
4 0.5038938492063492 0.8118419312169313 0.04250744047619047 0.042774470899470896
2 0.4507018849206349 0.7834722222222221 0.09914434523809523 0.10300925925925926
2 0.6009548611111112 0.854837962962963 0.14179563492063493 0.13661706349206348
2 0.6184573412698412 0.7494279100529101 0.017604166666666667 0.014841269841269843
2 0.6644419642857143 0.630271164021164 0.05261656746031746 0.028806216931216932
4 0.9053298611111111 0.7882242063492064 0.10369295634920635 0.07610449735449736
2 0.7767063492063492 0.7164153439153439 0.06282738095238095 0.03864748677248677
2 0.8145287698412698 0.7124107142857142 0.021111111111111112 0.04383267195767196
2 0.7360491071428571 0.7058101851851851 0.26854662698412696 0.13621362433862436
2 0.3521626984126984 0.7969378306878308 0.16170138888888888 0.2316137566137566