4 0.31985367063492065 0.9455390211640211 0.08740575396825397 0.10892195767195767
2 0.1914608134920635 0.8254431216931216 0.1010813492063492 0.07864087301587301
2 0.5047569444444444 0.834563492063492 0.026626984126984127 0.04006944444444444
2 0.5455679563492064 0.8403935185185185 0.052177579365079364 0.03438822751322751
2 0.5234821428571428 0.5866765873015872 0.03357390873015873 0.028707010582010584
2 0.3606894841269841 0.7364847883597884 0.0228546626984127 0.01614748677248677
2 0.4372643849206349 0.7571164021164021 0.015434027777777777 0.011960978835978837
2 0.42841021825396824 0.7620502645502646 0.017075892857142855 0.014054232804232803
2 0.630203373015873 0.45621362433862434 0.021044146825396823 0.049480820105820104
2 0.44735367063492065 0.8460085978835978 0.010312499999999999 0.00955026455026455
2 0.19503720238095237 0.917797619047619 0.013660714285714285 0.01228505291005291
2 0.08383928571428571 0.8342294973544974 0.009818948412698413 0.013141534391534392
2 0.06402033730158731 0.7890906084656085 0.00875248015873016 0.008571428571428572
2 0.10236855158730158 0.9736507936507937 0.015168650793650793 0.01885582010582011