1 0.06851041666666666 0.8678981481481481 0.04018229166666667 0.07078703703703704
1 0.096109375 0.47376388888888893 0.021161458333333334 0.02288888888888889
1 0.23375 0.6816666666666668 0.029515625 0.04047222222222222
1 0.43436718750000003 0.4921527777777778 0.03491666666666667 0.019037037037037036
1 0.2695598958333333 0.37929166666666664 0.023013020833333335 0.024847222222222222
3 0.26833072916666667 0.7415324074074074 0.028364583333333335 0.10361111111111111
3 0.36621614583333334 0.46482407407407406 0.03663541666666667 0.015828703703703702
3 0.49510156250000004 0.3828935185185185 0.024872395833333335 0.026907407407407408
2 0.1673333333333333 0.30547222222222226 0.019080729166666664 0.017319444444444443
2 0.17815104166666668 0.3430231481481481 0.026390625 0.014050925925925927
4 0.2779166666666667 0.34855555555555556 0.014984375 0.010898148148148148