4 0.3058046875 0.4142546296296296 0.033966145833333336 0.03211111111111111
4 0.5341276041666667 0.4779444444444444 0.029395833333333333 0.028902777777777777
4 0.515765625 0.47044907407407405 0.030604166666666665 0.04174537037037037
0 0.5032734375 0.45921296296296293 0.026091145833333333 0.03746296296296296
0 0.2451484375 0.5063101851851852 0.024648437500000002 0.02462037037037037
0 0.35788020833333334 0.6933657407407408 0.029135416666666667 0.03371759259259259
2 0.208125 0.5052407407407407 0.040317708333333334 0.04602777777777778
4 0.5251354166666666 0.5592962962962963 0.03790364583333334 0.027828703703703703
2 0.654421875 0.6034490740740741 0.05081770833333333 0.06475925925925925
0 0.5708932291666666 0.5287870370370371 0.023515625 0.02997222222222222
0 0.5885 0.42335185185185187 0.02434375 0.03746296296296296
4 0.6116822916666667 0.44690277777777776 0.019611979166666668 0.026759259259259257
1 0.8053854166666666 0.4030138888888889 0.04325520833333333 0.03211111111111111
4 0.94675 0.4656342592592593 0.024927083333333332 0.02462037037037037
0 0.9550286458333334 0.2954351851851852 0.018604166666666665 0.02462037037037037
1 0.7850703125 0.2178287037037037 0.059828125 0.025689814814814815