0 0.33835937499999996 0.42901388888888886 0.021580729166666666 0.027777777777777776
3 0.1352578125 0.5524675925925926 0.07023958333333334 0.043208333333333335
1 0.38891145833333335 0.5209305555555556 0.04060416666666666 0.03776851851851852
1 0.33947135416666663 0.5600046296296296 0.04208072916666667 0.029953703703703705
1 0.3746302083333333 0.6693981481481482 0.04207291666666667 0.06251388888888888
3 0.5011640625 0.530699074074074 0.0226328125 0.04427777777777778
3 0.41363541666666664 0.4574444444444445 0.019723958333333333 0.014976851851851852
3 0.49860156250000004 0.712375 0.029223958333333334 0.028652777777777777
3 0.6200078125 0.5919074074074074 0.0295625 0.02213888888888889
3 0.5310130208333333 0.4903287037037037 0.0405703125 0.024745370370370372
2 0.5035442708333333 0.6251203703703704 0.0464375 0.055999999999999994
4 0.44860937500000003 0.48805092592592597 0.028869791666666665 0.024092592592592593
4 0.3312291666666667 0.398837962962963 0.038786458333333336 0.01237037037037037
2 0.5828359375000001 0.38288425925925923 0.0299375 0.018231481481481484
4 0.41949479166666664 0.37702314814814814 0.016791666666666667 0.02213888888888889
4 0.4138177083333333 0.35944444444444446 0.01935677083333333 0.011722222222222222
4 0.43396093750000003 0.35358333333333336 0.011294270833333333 0.011722222222222222
0 0.8478515625 0.5603287037037037 0.015674479166666665 0.017583333333333333