3 0.7400049603174603 0.21329365079365079 0.03814484126984127 0.026455026455026454
4 0.5100024801587302 0.5398478835978836 0.05185019841269841 0.05787037037037037
2 0.793313492063492 0.6150793650793651 0.12740079365079363 0.08928571428571429
2 0.6375446428571429 0.5811838624338624 0.04324652777777778 0.021494708994708994
2 0.2798313492063492 0.6398809523809523 0.06690724206349206 0.056216931216931214
2 0.03491815476190476 0.7506613756613757 0.04210813492063492 0.03306878306878307
2 0.01569940476190476 0.7308201058201058 0.03095486111111111 0.026455026455026454
2 0.2084970238095238 0.7862103174603174 0.13628968253968254 0.0710978835978836
4 0.2001264880952381 0.9073247354497355 0.13691220238095236 0.052083333333333336
2 0.04103422619047619 0.9098048941798942 0.08206845238095238 0.06696428571428571
4 0.11489087301587302 0.98817791005291 0.042085813492063494 0.023644179894179895
2 0.08141865079365079 0.9552744708994709 0.019900793650793648 0.02066798941798942
2 0.3191666666666667 0.968915343915344 0.030245535714285714 0.026455026455026454
4 0.14898809523809525 0.6448412698412699 0.04083581349206349 0.01488095238095238
2 0.064375 0.7184193121693122 0.09367063492063492 0.09424603174603174
3 0.019952876984126986 0.7994378306878307 0.03990575396825397 0.05952380952380952
2 0.05754960317460317 0.8077050264550265 0.022993551587301587 0.013227513227513227