0 0.33315104166666665 0.4675925925925926 0.026789062500000002 0.027777777777777776
3 0.04498958333333333 0.7415138888888889 0.0355390625 0.08179166666666667
3 0.45987239583333334 0.5432083333333333 0.0406484375 0.024689814814814814
3 0.5011015625 0.5262361111111111 0.013731770833333332 0.046296296296296294
3 0.5536119791666666 0.6404305555555555 0.028473958333333334 0.037037037037037035
3 0.426890625 0.7415138888888889 0.026768229166666668 0.029319444444444443
1 0.415171875 0.5733009259259259 0.03631770833333334 0.038578703703703705
1 0.23941145833333335 0.5848749999999999 0.0354921875 0.033949074074074076
1 0.24939322916666665 0.7029305555555555 0.03462239583333333 0.06635648148148149
2 0.5497057291666666 0.43209722222222224 0.027606770833333336 0.021606481481481483
3 0.3859869791666667 0.482587962962963 0.01592708333333333 0.022263888888888892
4 0.3557760416666667 0.4297083333333333 0.022507812500000002 0.016699074074074075
4 0.4008567708333333 0.44585185185185183 0.0193671875 0.01224537037037037
4 0.46096354166666664 0.41774074074074075 0.022484375 0.01725462962962963
4 0.4498489583333333 0.4422361111111111 0.020921875 0.01837037037037037
0 0.820921875 0.6425092592592593 0.013953125 0.023087962962962963
2 0.34530208333333334 0.7391990740740741 0.05109114583333333 0.06790277777777777