2 0.6606498015873016 0.5505952380952381 0.13737103174603174 0.0992063492063492
2 0.769766865079365 0.2943121693121693 0.05799107142857143 0.046296296296296294
2 0.585014880952381 0.2777777777777778 0.09523065476190477 0.0496031746031746
2 0.602998511904762 0.32242063492063494 0.03695188492063492 0.026455026455026454
2 0.3177281746031746 0.4602149470899471 0.20180059523809524 0.06
2 0.19090029761904762 0.6704398148148148 0.09299107142857142 0.06385251322751323
2 0.44800099206349203 0.7553339947089948 0.06953373015873016 0.05369378306878307
2 0.5383258928571429 0.7691203703703704 0.0488343253968254 0.05369378306878307
2 0.5516567460317461 0.9200429894179895 0.06243551587301587 0.05949735449735449
2 0.44065228174603177 0.9668419312169312 0.11578373015873016 0.06167328042328042
2 0.947562003968254 0.7165145502645502 0.09020337301587301 0.07328373015873016