2 0.4186855158730159 0.9406415343915344 0.27764880952380955 0.11871693121693122
2 0.28851190476190475 0.8354001322751323 0.058224206349206345 0.08019179894179894
2 0.5222321428571428 0.6440145502645502 0.0606374007936508 0.028108465608465607
2 0.39730902777777777 0.7349537037037037 0.1034499007936508 0.02976190476190476
2 0.36383184523809525 0.7829034391534392 0.10097966269841269 0.06613756613756613
2 0.4187078373015873 0.7824900793650794 0.04224454365079365 0.02562830687830688
2 0.1527455357142857 0.968915343915344 0.02974702380952381 0.04298941798941799
2 0.24120287698412698 0.47883597883597884 0.08423115079365079 0.042328042328042326
2 0.2689781746031746 0.4603174603174603 0.055456349206349204 0.05423280423280423
4 0.31238343253968254 0.4957010582010582 0.05416170634920635 0.028439153439153438
2 0.27815972222222224 0.501984126984127 0.03629712301587301 0.026455026455026454
2 0.0346453373015873 0.4705687830687831 0.05507440476190476 0.04034391534391534
2 0.03233134920634921 0.6980820105820106 0.06466269841269842 0.046957671957671955
2 0.1722668650793651 0.666005291005291 0.048541666666666664 0.03439153439153439
2 0.22841517857142857 0.6828703703703703 0.049241071428571426 0.04298941798941799
2 0.24391617063492063 0.6483531746031745 0.03497767857142857 0.02273478835978836
2 0.36775545634920637 0.6688161375661376 0.04224206349206349 0.03058862433862434
2 0.3150496031746032 0.7072585978835979 0.09354166666666668 0.04298941798941799
2 0.27723710317460315 0.7180059523809523 0.04147817460317461 0.028108465608465607
2 0.28731150793650795 0.7390873015873016 0.044263392857142855 0.023148148148148147
2 0.24096974206349206 0.7146990740740741 0.023509424603174605 0.016534391534391533
2 0.22345734126984126 0.7136673280423281 0.017003968253968254 0.018601190476190476
2 0.3158308531746032 0.7787698412698413 0.016359126984126983 0.02066798941798942
4 0.39040426587301585 0.7612037037037037 0.05956845238095238 0.018601190476190476
1 0.40667906746031746 0.6927910052910053 0.06670386904761905 0.0355489417989418
1 0.758092757936508 0.6725363756613757 0.028489583333333336 0.01984126984126984
2 0.9478174603174603 0.9071858465608466 0.10436507936507937 0.09259259259259259
2 0.36221974206349206 0.5036375661375662 0.01574652777777778 0.011243386243386243
2 0.07556299603174603 0.7582671957671958 0.09724702380952381 0.07076719576719577
2 0.3173387896825397 0.8458994708994709 0.0571453373015873 0.03306878306878307