2 0.31420386904761904 0.30740079365079365 0.09056051587301588 0.04587962962962963
2 0.4543154761904762 0.4215939153439154 0.06262152777777778 0.04486111111111111
2 0.3168774801587302 0.4373974867724868 0.11349702380952381 0.08360449735449735
2 0.3553100198412698 0.4269444444444444 0.09333333333333334 0.08921296296296295
2 0.4208655753968254 0.4475925925925926 0.034719742063492064 0.04078373015873016
2 0.5066889880952381 0.6234689153439154 0.06719494047619048 0.04486111111111111
2 0.4288938492063492 0.6242328042328043 0.05689236111111111 0.05454695767195767
2 0.26450644841269844 0.8640873015873016 0.04393353174603174 0.06015542328042328
2 0.49120039682539685 0.9840410052910052 0.13639632936507937 0.03191468253968254
1 0.9921403769841269 0.5951752645502645 0.015719246031746032 0.02701719576719577
1 0.7665029761904761 0.7266997354497354 0.06913442460317461 0.07697751322751323
2 0.8532837301587302 0.6769973544973545 0.0844047619047619 0.05097883597883598
2 0.7750967261904762 0.7894047619047618 0.19873015873015873 0.07901785714285714
2 0.888844246031746 0.8143849206349206 0.04864087301587302 0.03415674603174603
2 0.8712599206349206 0.8477744708994709 0.0616344246031746 0.026507936507936508
2 0.8638070436507936 0.9155753968253968 0.10941964285714285 0.08666335978835979
2 0.8345510912698413 0.9634953703703704 0.05459077380952381 0.03262566137566138
2 0.7214012896825397 0.9540641534391535 0.0677157738095238 0.04638888888888889
2 0.6711185515873015 0.9148115079365079 0.10776785714285714 0.06372354497354497
2 0.7105034722222222 0.8918716931216931 0.03521825396825397 0.033134920634920635
2 0.7364905753968255 0.8332440476190476 0.09169642857142858 0.05964616402116402
2 0.6481919642857144 0.707582671957672 0.08719494047619047 0.0438425925925926
2 0.041220238095238095 0.5036904761904762 0.051111111111111114 0.05590277777777778
2 0.02822420634920635 0.25463955026455026 0.0360218253968254 0.027394179894179894
2 0.07203125 0.9679133597883597 0.08170882936507937 0.0641765873015873
4 0.1212921626984127 0.7586111111111111 0.04857638888888889 0.08385582010582011
2 0.018105158730158732 0.7577711640211641 0.0362078373015873 0.04528108465608466
2 0.29045634920634916 0.6881712962962964 0.08083333333333334 0.07714616402116402
2 0.07772569444444444 0.4936507936507936 0.033754960317460315 0.07152116402116403
4 0.12727926587301588 0.5325198412698412 0.01975198412698413 0.0155489417989418