0 0.5710885416666667 0.576662037037037 0.020921875 0.028949074074074075
0 0.5747291666666666 0.6821666666666667 0.0307734375 0.037328703703703704
0 0.5914375 0.7286342592592592 0.029057291666666665 0.04951388888888889
0 0.6531354166666666 0.719875 0.03932552083333333 0.035041666666666665
0 0.6021510416666668 0.7792916666666666 0.019627604166666666 0.05637037037037037
0 0.7900234375 0.5812314814814815 0.0217265625 0.033518518518518524
0 0.85171875 0.5282870370370369 0.0268515625 0.035805555555555556
0 0.7144036458333333 0.4646805555555556 0.022171875 0.033518518518518524
0 0.47511718750000004 0.5797083333333334 0.0149453125 0.036564814814814814
2 0.3825703125 0.5496203703703704 0.046671875 0.05713425925925926
4 0.35215104166666666 0.7731990740740741 0.027828125 0.050277777777777775
4 0.4637604166666666 0.8855601851851852 0.0402265625 0.07846296296296296
4 0.6190729166666666 0.851662037037037 0.0491875 0.07160648148148148
4 0.5717291666666667 0.7781481481481481 0.042770833333333334 0.029708333333333333
4 0.5539479166666667 0.6158935185185185 0.04834635416666667 0.031231481481481478
4 0.5603802083333334 0.6490277777777779 0.0296328125 0.03808796296296296
4 0.873140625 0.4753472222222222 0.029419270833333334 0.03199537037037037
4 0.7576770833333334 0.41897222222222225 0.02558854166666667 0.022851851851851852
1 0.5944375 0.5435231481481482 0.037625 0.029708333333333333
1 0.5398098958333333 0.46620370370370373 0.0577734375 0.05484722222222222
1 0.9434322916666668 0.3690787037037037 0.03716666666666667 0.03427777777777778
0 0.9547864583333333 0.5168611111111111 0.032450520833333336 0.02209259259259259
0 0.9904921874999999 0.511912037037037 0.019018229166666668 0.033518518518518524
4 0.43096614583333337 0.9886759259259259 0.0431953125 0.02264814814814815
1 0.19017708333333333 0.5827546296296297 0.06381770833333333 0.060939814814814815
4 0.5005390625 0.5647037037037037 0.03918489583333333 0.04631018518518518
2 0.5377734375000001 0.561162037037037 0.034671875 0.03922685185185185