2 0.14765376984126985 0.7045734126984128 0.07240079365079366 0.053703703703703705
2 0.2555828373015873 0.8554761904761905 0.06432043650793651 0.06551587301587301
2 0.23117063492063494 0.7210912698412698 0.05677083333333333 0.08029761904761905
2 0.6345386904761905 0.6095205026455026 0.08275545634920635 0.07196097883597884
2 0.858452380952381 0.7931812169312169 0.06498511904761904 0.10203373015873016
2 0.796031746031746 0.7496825396825396 0.06258184523809524 0.06014550264550264
2 0.44727678571428575 0.21427248677248678 0.05783234126984127 0.05047949735449735
2 0.25799603174603175 0.1992361111111111 0.09814980158730159 0.05047949735449735
2 0.2797470238095238 0.24541997354497352 0.03693204365079365 0.024702380952380955
2 0.05250496031746031 0.4086739417989418 0.10500744047619047 0.06766534391534391
2 0.3506200396825397 0.467744708994709 0.13840029761904762 0.10418320105820106
2 0.7360664682539683 0.49996693121693125 0.09731646825396825 0.07625661375661376
2 0.8315252976190476 0.4575429894179894 0.16608382936507937 0.09451719576719576
2 0.9113690476190476 0.5740773809523809 0.17726190476190476 0.09773809523809524
2 0.14473710317460317 0.9353108465608466 0.1153546626984127 0.07857804232804233
2 0.07885416666666667 0.9812996031746031 0.09491071428571429 0.03740410052910053
2 0.2851016865079365 0.9758399470899471 0.05393849206349206 0.048316798941798945
2 0.731733630952381 0.8895899470899471 0.1108829365079365 0.06275793650793651
2 0.3748462301587302 0.9523809523809523 0.1039608134920635 0.036375661375661374