2 0.6464112103174603 0.8157275132275132 0.11211805555555555 0.13496031746031747
2 0.7558804563492063 0.7372321428571428 0.15615575396825396 0.10466269841269842
2 0.8450396825396825 0.8873412698412699 0.13754464285714288 0.16250330687830689
4 0.7812549603174603 0.6211044973544974 0.051215277777777776 0.04506613756613757
1 0.6913988095238095 0.6545039682539683 0.07509176587301587 0.049305555555555554
2 0.8305530753968254 0.6810119047619048 0.0726736111111111 0.05779100529100529
2 0.9214037698412698 0.7724702380952381 0.04999007936507936 0.06892195767195766
1 0.7365277777777778 0.8655158730158731 0.025384424603174603 0.02597883597883598
4 0.9722941468253968 0.7913855820105821 0.038392857142857145 0.04089616402116402
4 0.6874206349206349 0.9331911375661375 0.1362698412698413 0.09621362433862433
4 0.9674479166666666 0.9253141534391535 0.06510416666666667 0.14937169312169313
1 0.6488343253968254 0.9933068783068784 0.022098214285714284 0.013386243386243385
1 0.5335912698412698 0.9898974867724867 0.02348958333333333 0.020205026455026455