4 0.37834375 0.35133796296296294 0.018924479166666668 0.0587962962962963
4 0.3723776041666667 0.42603703703703705 0.02868229166666667 0.021203703703703704
4 0.4739453125 0.3738287037037037 0.0133515625 0.020569444444444446
4 0.49238802083333333 0.37125462962962963 0.023893229166666665 0.036000000000000004
4 0.5243828125000001 0.4802222222222222 0.030695312500000002 0.028287037037037038
4 0.56496875 0.6706712962962963 0.03918229166666667 0.03375
4 0.5772682291666666 0.6991203703703703 0.03891927083333333 0.04885648148148148
4 0.4722265625 0.6841712962962962 0.022572916666666668 0.05368055555555556
4 0.48768489583333335 0.8116203703703704 0.0343203125 0.0315
4 0.5413776041666666 0.5506157407407407 0.017674479166666666 0.019930555555555556
4 0.5467135416666667 0.49693518518518526 0.014684895833333333 0.04243055555555556
4 0.5399348958333333 0.4667222222222222 0.041981770833333334 0.016069444444444445
1 0.2522760416666667 0.4683287037037037 0.06542447916666666 0.048212962962962964
2 0.3744895833333333 0.49806018518518513 0.03394010416666667 0.03375
0 0.3809088541666667 0.5294027777777778 0.017223958333333334 0.033430555555555554
4 0.3818255208333333 0.6092777777777778 0.016791666666666667 0.030537037037037033
1 0.5205963541666666 0.3672361111111111 0.03650260416666666 0.03696296296296296
1 0.6024010416666666 0.3945601851851852 0.029432291666666666 0.023462962962962963
2 0.5525963541666666 0.4402037037037037 0.033239583333333336 0.028606481481481483
0 0.5747421875000001 0.5049722222222223 0.026908854166666666 0.027
0 0.5915546875000001 0.46688425925925925 0.0258203125 0.027962962962962964
0 0.596890625 0.48777777777777775 0.015942708333333333 0.035680555555555556
0 0.6276223958333333 0.4911527777777778 0.0274375 0.028287037037037038
0 0.5498854166666667 0.5684537037037036 0.019861979166666665 0.023462962962962963
0 0.624640625 0.3444166666666667 0.012794270833333335 0.017680555555555554
0 0.5489791666666667 0.5896712962962963 0.028179687499999998 0.024106481481481482
0 0.7553671875 0.3648287037037037 0.01425 0.023787037037037037
0 0.7377395833333333 0.40677314814814813 0.020580729166666666 0.01575
0 0.8571484374999999 0.37575462962962963 0.0185625 0.021212962962962965
0 0.8719739583333334 0.3585601851851852 0.0149453125 0.02089351851851852
1 0.8056249999999999 0.20941203703703704 0.021106770833333333 0.011893518518518519
4 0.7141484375 0.3244861111111111 0.010643229166666665 0.014462962962962962
4 0.6632578124999999 0.31581018518518517 0.014091145833333334 0.01960648148148148
0 0.4432916666666667 0.352662037037037 0.015723958333333333 0.015458333333333334