0 0.15623697916666668 0.8521018518518518 0.03337239583333333 0.03859722222222223
0 0.22177864583333334 0.9290462962962963 0.027513020833333336 0.047009259259259265
0 0.2828671875 0.8026203703703704 0.034455729166666664 0.03364814814814815
4 0.28982552083333335 0.8204305555555556 0.028888020833333337 0.02276388888888889
2 0.31570572916666667 0.9589861111111111 0.0600546875 0.06828703703703703
4 0.1775260416666667 0.8827824074074074 0.04255208333333334 0.04156481481481482
4 0.13675520833333332 0.9824629629629629 0.05007552083333333 0.0350787037037037
1 0.4534713541666667 0.5354768518518519 0.0505234375 0.029435185185185186
4 0.43511197916666666 0.3754490740740741 0.009588541666666667 0.013379629629629628
0 0.60684375 0.2978425925925926 0.006236979166666667 0.011240740740740742
0 0.6169270833333333 0.5809722222222222 0.013760416666666667 0.019800925925925927
1 0.4789088541666667 0.741 0.038177083333333334 0.028365740740740743
4 0.6584973958333333 0.7567870370370371 0.01922916666666667 0.020337962962962964
4 0.9158828124999999 0.3540416666666667 0.010765625000000001 0.010171296296296296
4 0.9945390625 0.5793657407407408 0.010921875 0.016592592592592593
4 0.9978515625 0.5459166666666667 0.004299479166666667 0.018199074074074076
4 0.8281354166666667 0.4139861111111111 0.013494791666666667 0.012310185185185184
4 0.7668776041666666 0.42897222222222225 0.015013020833333333 0.010171296296296296
0 0.73828125 0.41826851851851854 0.010807291666666666 0.015523148148148149
0 0.7277473958333334 0.3888287037037037 0.012013020833333334 0.012310185185185184
1 0.707125 0.2764351851851852 0.02315625 0.010171296296296296
1 0.8674192708333333 0.30747685185185186 0.00896875 0.009097222222222222
0 0.9940859375 0.35591666666666666 0.011825520833333332 0.009634259259259259