1 0.6852213541666666 0.0717824074074074 0.02871875 0.01736574074074074
4 0.6918802083333334 0.09754166666666667 0.02112239583333333 0.019101851851851852
4 0.7965572916666667 0.07930555555555556 0.034578125 0.03010185185185185
0 0.7436484375 0.07149074074074073 0.014596354166666665 0.034152777777777775
0 0.7459270833333334 0.09001851851851851 0.028270833333333335 0.017944444444444443
0 0.7749036458333334 0.09204166666666667 0.0171953125 0.02199537037037037
4 0.7428333333333333 0.16527314814814814 0.016877604166666667 0.022578703703703705
0 0.9950052083333334 0.1910324074074074 0.0099921875 0.025472222222222222
0 0.8833229166666666 0.29551851851851857 0.032796874999999996 0.03646759259259259
0 0.6834140625 0.29551851851851857 0.015263020833333333 0.02605092592592593
4 0.7698567708333334 0.46368518518518514 0.03770833333333334 0.041680555555555554
4 0.8501119791666666 0.39682407407407405 0.03736197916666666 0.04457407407407407
4 0.8976484374999999 0.47323611111111114 0.03474739583333333 0.08856944444444445
4 0.8009479166666666 0.543574074074074 0.0484453125 0.03125925925925926
4 0.62725 0.4512407407407407 0.03709114583333333 0.08162037037037037
0 0.5950182291666667 0.42895370370370367 0.021468749999999998 0.03936574074074074
2 0.5562734375 0.38669444444444445 0.043619791666666664 0.07988425925925927
0 0.4870494791666667 0.2851018518518519 0.030861979166666668 0.03299537037037037
0 0.4317005208333333 0.2891527777777778 0.028270833333333335 0.03646759259259259
2 0.2990234375 0.450662037037037 0.05532552083333333 0.04688888888888889
4 0.2851848958333333 0.48712962962962963 0.06802604166666668 0.021416666666666667
4 0.47451302083333335 0.8509583333333333 0.0767734375 0.11577777777777779
4 0.5575390625 0.8361990740740741 0.03247395833333334 0.08162037037037037
4 0.7042369791666666 0.8156481481481481 0.044533854166666664 0.055574074074074074
1 0.177546875 0.16961111111111113 0.07547916666666667 0.03010185185185185
4 0.13783072916666667 0.11404166666666667 0.0207890625 0.02662962962962963