2 0.1442137896825397 0.1426223544973545 0.0640029761904762 0.04527777777777777
2 0.0617906746031746 0.4229563492063492 0.1235813492063492 0.09432539682539683
2 0.34707589285714285 0.5331316137566138 0.08024801587301587 0.07017857142857142
2 0.10091269841269841 0.9130753968253967 0.09954613095238095 0.01811177248677249
2 0.4633655753968254 0.7998842592592592 0.07286458333333334 0.03471230158730159
2 0.509203869047619 0.6583961640211641 0.05587797619047619 0.06112433862433862
2 0.5700446428571428 0.6863161375661376 0.06467261904761905 0.0958366402116402
2 0.4461061507936508 0.4142791005291005 0.08927827380952381 0.07999007936507936
2 0.5338343253968254 0.3648544973544973 0.15746775793650794 0.10036375661375661
2 0.7514484126984128 0.3169345238095238 0.07514880952380952 0.08753306878306878
2 0.657782738095238 0.4720072751322751 0.25568948412698417 0.08979828042328043
2 0.7271304563492064 0.6119874338624339 0.16931051587301588 0.17808862433862432
4 0.872562003968254 0.5357705026455026 0.16934275793650794 0.19318121693121693
4 0.8586185515873015 0.9371031746031747 0.11800099206349206 0.0375
2 0.8939310515873016 0.9791765873015874 0.08861855158730159 0.041643518518518524
2 0.135515873015873 0.9600231481481482 0.04317460317460318 0.04666666666666667