2 0.6184920634920635 0.7581018518518519 0.14978174603174602 0.14384920634920634
4 0.27799603174603177 0.6680257936507936 0.06584573412698413 0.06348875661375662
4 0.6000223214285714 0.428723544973545 0.053735119047619045 0.0509292328042328
2 0.4741939484126984 0.41407076719576724 0.05847222222222222 0.01744047619047619
2 0.6628075396825397 0.8944212962962963 0.03697668650793651 0.03488425925925926
2 0.5003546626984127 0.8260515873015873 0.040679563492063496 0.023720238095238096
4 0.9615972222222222 0.6889550264550265 0.05583333333333333 0.03418650793650793
2 0.6553050595238096 0.5134722222222222 0.013097718253968254 0.07276124338624339
2 0.7128050595238096 0.26272156084656084 0.020337301587301588 0.03269510582010582
2 0.7696130952380952 0.14137896825396826 0.05520337301587302 0.029474206349206347
2 0.5520287698412699 0.14391203703703703 0.055910218253968254 0.03914351851851852
2 0.6456175595238095 0.23186838624338624 0.040002480158730154 0.023485449735449734