4 0.4121015625 0.8393101851851852 0.039296875 0.036162037037037034
4 0.4451510416666667 0.6411388888888888 0.04811979166666667 0.04139351851851852
4 0.42494791666666665 0.5583518518518519 0.0259140625 0.04805555555555555
4 0.4039401041666667 0.5302777777777778 0.025117187500000002 0.03568518518518519
2 0.3589817708333333 0.49744907407407407 0.039578125 0.0328287037037037
1 0.3862786458333333 0.3675555555555555 0.034755208333333336 0.04329629629629629
4 0.35978645833333334 0.3754074074074074 0.018705729166666667 0.022837962962962963
1 0.2833828125 0.4041944444444444 0.05698958333333334 0.04139351851851852
0 0.389890625 0.3166435185185185 0.021106770833333333 0.012847222222222222
0 0.5214192708333333 0.43606944444444445 0.024554687500000002 0.026171296296296297
0 0.61146875 0.4184675925925926 0.02265885416666667 0.024263888888888887
0 0.6162864583333333 0.3285416666666667 0.021052083333333336 0.01950925925925926
0 0.6780364583333333 0.4014351851851852 0.026364583333333334 0.019944444444444445
0 0.6931067708333334 0.39166203703703706 0.017408854166666664 0.025421296296296296
0 0.8318932291666666 0.3390601851851852 0.022588541666666666 0.022680555555555558
0 0.8284869791666666 0.3764074074074074 0.026018229166666667 0.019162037037037036
0 0.6450442708333333 0.31696296296296295 0.02197395833333333 0.012907407407407407
4 0.8260651041666667 0.3494259259259259 0.0162109375 0.010560185185185185
1 0.7649192708333333 0.32635185185185184 0.028544270833333333 0.023856481481481482
4 0.7839453125 0.4485601851851852 0.012921875 0.02424537037037037
4 0.6821067708333334 0.3570509259259259 0.0239453125 0.04458333333333333
1 0.9378177083333333 0.0764537037037037 0.015778645833333334 0.008212962962962962
2 0.7062578125000001 0.36311574074074077 0.036859375 0.03877777777777778
0 0.6819375 0.38101851851851853 0.015489583333333333 0.013861111111111112
0 0.485765625 0.25 0.010572916666666666 0.01225
4 0.485828125 0.30577314814814816 0.016846354166666667 0.01837037037037037
4 0.4930859375 0.35006481481481483 0.018075520833333334 0.019467592592592592
4 0.5421067708333334 0.3669074074074074 0.019664062500000003 0.017717592592592594
4 0.54875 0.37171759259259257 0.021138020833333333 0.01859259259259259
4 0.5324505208333333 0.4231157407407407 0.033565104166666665 0.012467592592592593
4 0.48373697916666664 0.41556944444444444 0.02988802083333333 0.020560185185185185
4 0.43217968749999996 0.4625972222222222 0.014619791666666666 0.016624999999999997