2 0.062921875 0.5482962962962963 0.034440104166666666 0.05282407407407407
0 0.096 0.5687222222222222 0.025322916666666664 0.04155555555555556
0 0.21364583333333334 0.7631111111111111 0.028463541666666665 0.04859722222222222
0 0.39566666666666667 0.5056898148148148 0.023270833333333334 0.043666666666666666
0 0.41626302083333333 0.41694444444444445 0.033565104166666665 0.033805555555555554
0 0.45547916666666666 0.5930231481481482 0.023255208333333333 0.04225925925925926
4 0.19364322916666668 0.4574444444444445 0.035994791666666665 0.051412037037037034
4 0.43488020833333335 0.5254074074074074 0.0398984375 0.04648611111111111
4 0.43547395833333336 0.4842083333333334 0.029203125 0.03873611111111111
4 0.5200807291666666 0.45814814814814814 0.014593749999999999 0.03450925925925926
4 0.41391927083333335 0.6782407407407407 0.03521614583333333 0.039439814814814816
2 0.540875 0.6564074074074073 0.053010416666666664 0.04930092592592592
4 0.6935833333333333 0.7366990740740741 0.0288125 0.039439814814814816
0 0.9615859375 0.11233796296296296 0.010973958333333334 0.017606481481481483
1 0.6638984375 0.1880462962962963 0.055013020833333336 0.029578703703703704
1 0.7989765625 0.2838333333333333 0.0209140625 0.029578703703703704
1 0.7116302083333333 0.4243425925925926 0.04034635416666667 0.021833333333333333