1 0.42468998015873016 0.5826851851851852 0.07601438492063492 0.041802248677248674
1 0.29433035714285716 0.4175132275132275 0.030935019841269843 0.013253968253968254
2 0.21079613095238095 0.8345205026455027 0.08256448412698413 0.09583994708994709
4 0.41322172619047615 0.7101322751322752 0.052313988095238094 0.04587962962962963
2 0.49178075396825394 0.5918617724867725 0.08937996031746032 0.08258597883597883
2 0.48241815476190475 0.5248247354497354 0.06682539682539683 0.0310978835978836
2 0.3432614087301587 0.5964484126984128 0.09361855158730159 0.05097883597883598
2 0.6353373015873015 0.6377414021164021 0.03314732142857143 0.026507936507936508
2 0.6670659722222223 0.7774239417989417 0.04766617063492064 0.022430555555555554
2 0.6477604166666666 0.854401455026455 0.043467261904761904 0.048938492063492066
4 0.5940451388888889 0.8699503968253969 0.09814732142857144 0.05454695767195767
2 0.3109548611111111 0.7445436507936508 0.11235863095238094 0.19117063492063494
2 0.4097718253968254 0.9048710317460317 0.2541641865079365 0.11827050264550264
4 0.6827554563492063 0.44096560846560845 0.07369295634920635 0.07340939153439154
2 0.7097048611111112 0.8332440476190476 0.10388640873015872 0.10246693121693122
2 0.7630456349206349 0.8946759259259259 0.07236359126984127 0.0438425925925926
2 0.6959399801587302 0.9503968253968254 0.15129464285714286 0.0992063492063492
2 0.8322321428571429 0.9598280423280423 0.07059771825396825 0.08034722222222222
2 0.8538640873015874 0.7256812169312169 0.08174851190476191 0.051488095238095236
2 0.8934424603174603 0.7157407407407408 0.09602926587301587 0.055056216931216935
2 0.8770064484126985 0.7970502645502646 0.114375 0.11062499999999999
2 0.7001959325396826 0.618369708994709 0.15218005952380953 0.06423280423280424
2 0.021480654761904763 0.41555555555555557 0.04296130952380953 0.055820105820105825
3 0.8788814484126984 0.33482142857142855 0.07036458333333333 0.04133597883597884