4 0.3132264254385965 0.2575146198830409 0.08537280701754386 0.07327485380116959
4 0.38355263157894737 0.31991228070175437 0.06397478070175439 0.05317616959064328
2 0.6585279605263158 0.5350146198830409 0.04167763157894737 0.06831505847953216
2 0.36726151315789474 0.5067872807017544 0.0765076754385965 0.05146929824561403
2 0.3852001096491228 0.41815058479532163 0.07756304824561404 0.06696637426900585
2 0.21892269736842104 0.45095760233918125 0.08297149122807018 0.05913377192982456
2 0.30657894736842106 0.49976242690058476 0.07545230263157894 0.06389619883040935
2 0.08205866228070176 0.34672880116959065 0.06015350877192983 0.05639254385964912
2 0.14023300438596492 0.344890350877193 0.05619791666666667 0.03277046783625731
1 0.7561458333333334 0.20849415204678365 0.056452850877192984 0.04586622807017544
4 0.7057538377192983 0.11668494152046784 0.056981907894736845 0.03222222222222222
2 0.39665570175438597 0.8137902046783626 0.05476425438596491 0.037032163742690055
2 0.4158799342105263 0.5747149122807018 0.04393366228070176 0.03892543859649123
4 0.7225219298245614 0.7395211988304093 0.19986842105263158 0.14132675438596493
4 0.04177357456140351 0.4795723684210526 0.08354714912280702 0.11013523391812866
4 0.5704111842105264 0.6061147660818713 0.043673245614035086 0.04751461988304093