2 0.28674479166666667 0.7788333333333333 0.063890625 0.09845833333333333
1 0.5485651041666666 0.46553240740740737 0.05107552083333333 0.0342037037037037
3 0.5207838541666666 0.4736990740740741 0.02415625 0.020444444444444442
3 0.3985911458333333 0.42913425925925924 0.05581510416666667 0.04011111111111111
3 0.818890625 0.7432175925925926 0.07479687500000001 0.14512962962962964
1 0.1709166666666667 0.3491990740740741 0.03796354166666667 0.03533796296296296
1 0.019315104166666666 0.4454675925925926 0.0329375 0.03370833333333333
1 0.23870572916666666 0.7674490740740741 0.035520833333333335 0.06798148148148149
0 0.32902864583333336 0.3446944444444444 0.016947916666666667 0.019967592592592592
4 0.10318229166666668 0.29144907407407405 0.0262109375 0.06593518518518518
4 0.06781510416666667 0.1733009259259259 0.018572916666666665 0.02188888888888889
4 0.17833333333333332 0.3074027777777778 0.027302083333333334 0.02026851851851852