2 0.2680282738095238 0.6569874338624339 0.17830109126984126 0.08259259259259259
2 0.2053249007936508 0.8221660052910053 0.06116319444444445 0.0535978835978836
2 0.15755704365079365 0.7373941798941799 0.09789930555555557 0.0806712962962963
2 0.08626736111111111 0.7673478835978836 0.051220238095238096 0.04317460317460318
2 0.4413740079365079 0.6907936507936508 0.052108134920634916 0.04438161375661376
2 0.6330977182539683 0.5736243386243387 0.06187748015873016 0.0863392857142857
2 0.7922569444444445 0.45199735449735445 0.09084325396825396 0.054007936507936505
2 0.5980505952380952 0.6519609788359788 0.03642609126984127 0.024041005291005293
4 0.5818824404761905 0.7604894179894179 0.017313988095238094 0.02504298941798942
2 0.3899280753968254 0.5136111111111111 0.031889880952380954 0.036137566137566135
2 0.3564905753968254 0.5860582010582011 0.05834077380952381 0.03280753968253968
2 0.6596949404761905 0.3799702380952381 0.08034722222222222 0.037139550264550264
2 0.9730902777777778 0.44372685185185184 0.03419394841269841 0.039699074074074074
2 0.6840997023809524 0.8259623015873016 0.052500000000000005 0.056544312169312175
2 0.5557291666666666 0.8666236772486773 0.03320684523809524 0.023551587301587303
2 0.7002232142857143 0.7454828042328043 0.045917658730158725 0.010773809523809524
2 0.5613938492063492 0.6399537037037037 0.030592757936507935 0.03270833333333333
4 0.47314236111111113 0.5897949735449736 0.05295386904761905 0.04535383597883598
2 0.6840575396825397 0.692853835978836 0.06871527777777778 0.041299603174603176
2 0.4041294642857143 0.42868716931216927 0.0535218253968254 0.05632936507936508