2 0.9491145833333333 0.6765443121693121 0.10177083333333332 0.12557208994708996
2 0.9300917658730159 0.5793716931216931 0.13981646825396826 0.09532738095238094
2 0.8614260912698413 0.5169907407407408 0.09386656746031746 0.08112103174603175
2 0.9465178571428572 0.4502810846560847 0.0446577380952381 0.02474206349206349
2 0.8106225198412698 0.6270701058201058 0.09776537698412699 0.08802910052910053
2 0.8021775793650794 0.7987301587301587 0.09511160714285714 0.06849206349206349
2 0.8935739087301587 0.7637334656084657 0.08447420634920635 0.08858796296296295
4 0.8627951388888889 0.7412202380952381 0.028777281746031745 0.027162698412698413
3 0.35663194444444446 0.780327380952381 0.06162450396825397 0.06825396825396826
2 0.3546875 0.7624041005291006 0.05658978174603174 0.038349867724867724
2 0.28306795634920634 0.7906084656084656 0.09914186507936508 0.07521825396825398
2 0.3635639880952381 0.8421362433862434 0.11849454365079365 0.12049272486772487
2 0.2353373015873016 0.7477116402116402 0.00024057539682539682 0.00044973544973544977
2 0.2932316468253968 0.7040542328042327 0.12979414682539683 0.09158399470899471
4 0.22350198412698413 0.7172949735449735 0.03792906746031746 0.04423280423280423
2 0.354593253968254 0.6222023809523809 0.07016121031746031 0.07807208994708995
2 0.4025843253968254 0.6345998677248678 0.10165426587301588 0.08522486772486773
2 0.41399057539682543 0.7112599206349206 0.09069196428571429 0.03971230158730159
2 0.4171130952380952 0.7512334656084656 0.05997767857142858 0.05762896825396826
1 0.4221006944444445 0.8569212962962963 0.03554067460317461 0.03111441798941799
2 0.49733382936507936 0.8371395502645503 0.14012400793650795 0.12496031746031745
2 0.7494295634920635 0.9306977513227512 0.059312996031746036 0.04812169312169313
2 0.7660069444444444 0.9660152116402116 0.12939484126984127 0.06796957671957672
2 0.6661929563492064 0.8853042328042328 0.03906746031746032 0.037212301587301586
2 0.7903720238095239 0.8599470899470899 0.06091269841269841 0.038994708994709
2 0.6208432539682539 0.6800859788359788 0.09918154761904761 0.06997354497354497
2 0.5356423611111111 0.6860085978835978 0.047137896825396826 0.025988756613756613
2 0.49723214285714284 0.7074801587301588 0.08438988095238095 0.045992063492063494
2 0.5144915674603174 0.7571031746031746 0.08374255952380952 0.045095899470899474
2 0.6356051587301588 0.7475793650793651 0.05078373015873015 0.0641765873015873
2 0.6604439484126984 0.35660383597883594 0.03272569444444444 0.026488095238095238
4 0.8091517857142857 0.45359126984126985 0.0462921626984127 0.034451058201058204
2 0.761297123015873 0.4229232804232804 0.05151041666666666 0.06180224867724867
2 0.6426512896825397 0.5133763227513227 0.08487847222222222 0.06388888888888888
2 0.6895262896825397 0.45676917989417987 0.06622767857142857 0.0662367724867725
4 0.731140873015873 0.4307969576719577 0.01814732142857143 0.024794973544973547
2 0.8699107142857143 0.3285515873015873 0.04968005952380952 0.04662698412698413
2 0.873717757936508 0.4576818783068783 0.06761160714285715 0.07039021164021164
2 0.9361532738095238 0.509563492063492 0.049585813492063494 0.02814153439153439
2 0.6064236111111111 0.40984788359788366 0.10814484126984128 0.06410714285714286
2 0.62359375 0.3857969576719577 0.024226190476190478 0.014576719576719577
2 0.5039608134920635 0.4544411375661376 0.10648313492063491 0.06429232804232804
2 0.5459722222222223 0.5934160052910052 0.1486656746031746 0.12270502645502646
2 0.8036929563492063 0.49573743386243385 0.05458581349206349 0.04417989417989418
2 0.4394593253968254 0.4792063492063492 0.11353422619047619 0.0850925925925926
2 0.44303571428571425 0.5173313492063493 0.023060515873015875 0.01730489417989418
2 0.6834623015873016 0.5774636243386243 0.03548859126984127 0.016292989417989418
2 0.7106944444444444 0.6902976190476191 0.1786061507936508 0.16953703703703701
2 0.8567683531746031 0.6713525132275132 0.02618799603174603 0.024517195767195767
2 0.7555778769841269 0.3230224867724868 0.09438244047619047 0.03463955026455026
2 0.6807886904761905 0.3613425925925926 0.049928075396825394 0.02638888888888889
2 0.531312003968254 0.5195833333333334 0.1146875 0.07791666666666666
2 0.792733134920635 0.41575066137566136 0.05741071428571428 0.03939814814814815
2 0.5982465277777778 0.9840244708994709 0.02640376984126984 0.023158068783068784