0 0.23507291666666666 0.49382870370370374 0.03722916666666667 0.043208333333333335
3 0.3264296875 0.26006944444444446 0.041695312500000005 0.038662037037037036
3 0.6176171875 0.5452037037037037 0.03813802083333333 0.06339814814814815
3 0.3280572916666667 0.6904074074074074 0.03844010416666667 0.10169444444444445
4 0.4112526041666667 0.5291944444444444 0.035562500000000004 0.022643518518518518
2 0.45784375 0.2592361111111111 0.034994791666666664 0.04290740740740741
3 0.43295572916666664 0.3068842592592593 0.013864583333333335 0.021518518518518517
1 0.5645520833333334 0.36116203703703703 0.027057291666666667 0.026851851851851852
3 0.5533750000000001 0.33755555555555555 0.0450703125 0.03656018518518518
1 0.4622213541666667 0.679037037037037 0.04505208333333333 0.06768981481481481
1 0.2565078125 0.713824074074074 0.06722135416666666 0.04699074074074074
1 0.024533854166666664 0.9390833333333334 0.049070312500000005 0.09739351851851852
3 0.158296875 0.35408796296296297 0.03355989583333333 0.012699074074074074