0 0.6194921875 0.6153055555555556 0.024877604166666668 0.024935185185185185
0 0.4298411458333333 0.9069675925925925 0.029802083333333333 0.05312962962962963
0 0.5755859375 0.8251064814814815 0.026109375 0.05204166666666667
0 0.30086718749999997 0.8256481481481482 0.03166145833333333 0.046620370370370375
4 0.2859244791666667 0.8001666666666666 0.049351562499999994 0.034694444444444444
4 0.8292682291666666 0.7015046296296297 0.022390625 0.04119907407407407
4 0.7795703125000001 0.6153055555555556 0.015692708333333333 0.024935185185185185
4 0.8067057291666667 0.634824074074074 0.016296875 0.024935185185185185
4 0.5997005208333334 0.26716203703703706 0.033914062499999995 0.049958333333333334
4 0.4535911458333333 0.30213425925925924 0.011471354166666666 0.013324074074074075
1 0.49841145833333333 0.22196296296296297 0.0326015625 0.010944444444444444
0 0.5147369791666666 0.24456018518518519 0.014401041666666666 0.00951388888888889
1 0.43044010416666667 0.4850787037037037 0.04064583333333334 0.04615277777777778
1 0.4657630208333333 0.7598518518518519 0.04759375 0.051384259259259255
2 0.6018463541666667 0.8688101851851853 0.04154947916666667 0.0694675925925926
2 0.3388984375 0.8958657407407407 0.04955208333333334 0.057430555555555554