4 0.5192039800995025 0.38469444444444445 0.02294776119402985 0.016759259259259262
4 0.5015453980099502 0.4808888888888889 0.026679104477611938 0.02386574074074074
4 0.5397885572139304 0.5636851851851852 0.02982587064676617 0.02386574074074074
4 0.44509017412935326 0.6416064814814815 0.03324626865671642 0.019162037037037036
4 0.4816324626865672 0.7222361111111111 0.045621890547263684 0.030009259259259256
4 0.46062810945273636 0.7630925925925925 0.07063743781094527 0.03434722222222222
4 0.5328731343283583 0.7113888888888888 0.06462686567164179 0.03434722222222222
4 0.5091946517412935 0.6915 0.03177549751243781 0.04519444444444445
4 0.4091542288557214 0.6566111111111111 0.024029850746268656 0.025310185185185186
4 0.9670646766169154 0.42032407407407407 0.01353544776119403 0.022055555555555557
0 0.929912935323383 0.4349675925925926 0.022770522388059704 0.018800925925925926
0 0.9375621890547263 0.4064027777777778 0.015727611940298508 0.023138888888888886
1 0.8649595771144278 0.395375 0.03662624378109453 0.016995370370370372
4 0.8292661691542289 0.49517129629629625 0.015752487562189055 0.0235
0 0.786651119402985 0.4962546296296297 0.023289800995024878 0.024949074074074075
0 0.7581218905472636 0.48305555555555557 0.026480099502487562 0.021694444444444443
4 0.7274036069651741 0.4767268518518519 0.03738805970149254 0.029287037037037035
0 0.6994651741293533 0.49300000000000005 0.01697139303482587 0.03434722222222222
0 0.6802829601990049 0.5799583333333334 0.020376243781094528 0.03254166666666667
2 0.7678202736318408 0.4704027777777778 0.025453980099502487 0.028925925925925924
0 0.5898134328358209 0.46931481481481485 0.028855721393034824 0.02025
0 0.593457711442786 0.45178240740740744 0.02593905472636816 0.021333333333333333
0 0.5382182835820896 0.3172777777777778 0.014539800995024875 0.014824074074074076
2 0.370693407960199 0.6072685185185185 0.04310323383084577 0.02600462962962963
1 0.37788557213930346 0.5024907407407407 0.041557835820895526 0.03747685185185185
1 0.26193407960199006 0.5128148148148148 0.05828047263681592 0.03747685185185185
4 0.3387220149253731 0.5131990740740741 0.019738805970149254 0.017592592592592594
0 0.3679975124378109 0.38987037037037037 0.018706467661691543 0.017208333333333332
4 0.45883395522388054 0.9807037037037037 0.045338930348258706 0.03858796296296296