2 0.5584623015873016 0.8591203703703704 0.05931547619047619 0.07923280423280422
2 0.8232986111111111 0.7995072751322752 0.06377976190476191 0.07923280423280422
2 0.5338467261904761 0.5991600529100529 0.08931299603174604 0.07093253968253968
2 0.6099603174603175 0.5912367724867725 0.04798363095238095 0.05508597883597884
2 0.42066468253968253 0.7293287037037036 0.14253224206349208 0.09281746031746033
2 0.3227728174603175 0.8266732804232805 0.04522321428571428 0.07319775132275132
2 0.23191964285714287 0.9243948412698413 0.054813988095238096 0.07545965608465609
2 0.273797123015873 0.4561607142857143 0.05367311507936508 0.04603174603174603
2 0.22711061507936509 0.43880621693121696 0.06669890873015873 0.03697420634920635
2 0.030186011904761903 0.4440873015873016 0.03624503968253968 0.04452050264550264
2 0.355 0.3648544973544973 0.05874503968253968 0.02943121693121693
4 0.4475248015873016 0.28788359788359785 0.03891865079365079 0.03244708994708995
2 0.5819246031746033 0.3127843915343915 0.019079861111111113 0.02641203703703704
2 0.6045585317460317 0.1633730158730159 0.07340029761904762 0.03546626984126984
2 0.9924826388888889 0.23581349206349206 0.015032242063492064 0.03093915343915344
4 0.8179513888888889 0.5029464285714286 0.036103670634920634 0.03999338624338624
2 0.9689955357142856 0.8357275132275132 0.06200644841269841 0.1350760582010582