0 0.22465624999999997 0.5216064814814815 0.030286458333333332 0.033949074074074076
3 0.309390625 0.30553703703703705 0.0453828125 0.042916666666666665
3 0.5861484375 0.411837962962963 0.053322916666666664 0.03097685185185185
3 0.6295546875 0.6107314814814815 0.02294791666666667 0.07354166666666666
3 0.2931848958333333 0.7317592592592592 0.0416171875 0.10464351851851852
2 0.20315104166666667 0.3539583333333333 0.03212239583333333 0.015337962962962965
4 0.42206770833333335 0.5898333333333333 0.029851562499999998 0.034319444444444444
3 0.45122395833333334 0.3050833333333333 0.01784635416666667 0.02049074074074074
2 0.4529947916666667 0.24617592592592594 0.033111979166666666 0.0364537037037037
1 0.22601302083333333 0.7464305555555555 0.054408854166666666 0.05895833333333333
1 0.3643385416666666 0.7686805555555555 0.04980729166666666 0.07105555555555555
1 0.0063046875 0.9476388888888889 0.012611979166666667 0.05018981481481481