3 0.8918551587301587 0.9321263227513228 0.045607638888888885 0.10746031746031745
2 0.7985342261904762 0.7744047619047619 0.05343253968253968 0.04159722222222222
2 0.7137946428571429 0.8125363756613757 0.029541170634920635 0.03466600529100529
2 0.4798387896825397 0.8884490740740741 0.07328125 0.13657738095238095
2 0.4356498015873016 0.820162037037037 0.04105902777777778 0.03743716931216931
2 0.5178025793650795 0.7993617724867724 0.09621527777777777 0.055462962962962964
2 0.7410863095238095 0.8988492063492063 0.03525297619047619 0.025651455026455026
2 0.45878224206349205 0.9773313492063491 0.07380704365079364 0.04534060846560847
2 0.8575421626984128 0.9692195767195767 0.04769593253968254 0.04159722222222222
2 0.1653422619047619 0.6940145502645502 0.06789186507936508 0.05937169312169312
2 0.2998065476190476 0.7826719576719577 0.1671279761904762 0.11633928571428571
2 0.1903125 0.9850099206349207 0.08052083333333333 0.02998346560846561
2 0.32570436507936507 0.943941798941799 0.0564484126984127 0.02968584656084656
2 0.2439905753968254 0.9672321428571428 0.04736111111111111 0.046917989417989414
2 0.2752306547619048 0.9667526455026455 0.029955357142857145 0.023617724867724867
2 0.3800570436507937 0.9643584656084655 0.027934027777777776 0.029044312169312168
2 0.34858382936507937 0.967390873015873 0.017172619047619048 0.012767857142857143
2 0.23633680555555556 0.9582969576719577 0.017738095238095237 0.01691468253968254
2 0.3007142857142857 0.8869609788359789 0.0377703373015873 0.017873677248677246
2 0.8163913690476191 0.9234854497354497 0.017385912698412696 0.020423280423280423
2 0.8270560515873016 0.9450033068783069 0.02558779761904762 0.015317460317460318