2 0.6269940476190476 0.8444378306878306 0.24824404761904761 0.2997916666666667
2 0.7123313492063492 0.6341137566137566 0.19878720238095238 0.16323743386243386
2 0.9580332341269842 0.7012136243386242 0.08393601190476191 0.09653108465608466
2 0.896547619047619 0.7859689153439153 0.08339285714285714 0.061997354497354495
2 0.4822247023809524 0.6576554232804233 0.11527281746031745 0.11300925925925927
2 0.5805109126984127 0.6058597883597884 0.061103670634920636 0.07847883597883598
2 0.6982167658730158 0.9032969576719577 0.023410218253968253 0.0502281746031746
2 0.6702604166666666 0.9747123015873016 0.05931795634920635 0.048657407407407406
2 0.4098387896825397 0.6925793650793651 0.06702876984126983 0.05101190476190476
2 0.2753720238095238 0.6474537037037037 0.0677157738095238 0.047086640211640204
1 0.22386160714285713 0.8966236772486772 0.09650049603174603 0.14047619047619048
2 0.25210813492063494 0.9134986772486773 0.16123015873015875 0.16794642857142858
2 0.2927281746031746 0.7741964285714286 0.055354662698412695 0.07612433862433862
2 0.25564484126984127 0.7475132275132276 0.04588045634920635 0.09025132275132276
2 0.16501736111111112 0.6992493386243387 0.022368551587301586 0.029821428571428575
4 0.15805059523809523 0.8605257936507936 0.13514632936507937 0.14989417989417989
2 0.39836309523809527 0.2248445767195767 0.04760912698412698 0.03845568783068783
2 0.5404935515873016 0.2562334656084656 0.022271825396825397 0.013339947089947091
2 0.17266617063492065 0.3170568783068783 0.02706597222222222 0.02197420634920635
2 0.8344618055555556 0.4610648148148148 0.027497519841269843 0.02119047619047619
4 0.9468675595238095 0.48970899470899476 0.03806547619047619 0.040810185185185185
2 0.09756944444444444 0.6372222222222222 0.05959821428571429 0.02720568783068783
4 0.10670882936507936 0.6772916666666667 0.07015625 0.05030092592592593
2 0.014657738095238095 0.703753306878307 0.02931299603174603 0.032367724867724865
2 0.020344742063492065 0.6663062169312169 0.02437251984126984 0.022883597883597884