0 0.29728645833333334 0.7488194444444445 0.030361979166666667 0.036564814814814814
0 0.15825520833333334 0.6174166666666666 0.0265390625 0.031231481481481478
0 0.4678072916666667 0.4563009259259259 0.020895833333333332 0.04113425925925926
0 0.4652369791666667 0.5336203703703704 0.018325520833333334 0.04189814814814815
0 0.5479270833333333 0.5599027777777779 0.033731770833333334 0.03808796296296296
2 0.13876041666666666 0.5945648148148148 0.045825520833333334 0.037328703703703704
2 0.6180182291666667 0.6208425925925926 0.04879166666666667 0.07008333333333333
4 0.5235442708333333 0.5161018518518519 0.0432421875 0.029708333333333333
4 0.5104791666666667 0.4951527777777778 0.029106770833333333 0.048754629629629634
4 0.5588932291666667 0.6376018518518519 0.03166666666666666 0.051800925925925924
4 0.6353697916666667 0.45249074074074075 0.016653645833333335 0.03199537037037037
4 0.9932760416666666 0.2243425925925926 0.013447916666666667 0.025138888888888888
0 0.8472369791666666 0.27614351851851854 0.018744791666666667 0.029708333333333333
1 0.7366953125 0.20072685185185185 0.05904427083333333 0.04189814814814815
1 0.7722578124999999 0.36983796296296295 0.04018489583333333 0.037328703703703704
4 0.7669036458333333 0.006476851851851852 0.015765625 0.012949074074074073
4 0.7914296875000001 0.7461944444444444 0.02508854166666667 0.05058796296296296