2 0.43221974206349206 0.7395105820105821 0.10982638888888889 0.09520833333333334
2 0.35711309523809526 0.6032969576719577 0.07909474206349207 0.05467261904761905
2 0.28624255952380956 0.6348776455026455 0.10279265873015872 0.05467261904761905
2 0.17878968253968253 0.7039252645502646 0.15937003968253968 0.13527116402116401
1 0.11146329365079366 0.6421825396825397 0.08197916666666667 0.07399801587301588
2 0.18197916666666666 0.6216798941798942 0.05121279761904762 0.020737433862433863
2 0.20212301587301587 0.5978769841269841 0.0667609126984127 0.016498015873015873
2 0.48099950396825397 0.4687334656084656 0.029935515873015874 0.031577380952380954
2 0.17261160714285714 0.508561507936508 0.05015376984126984 0.023564814814814816
2 0.4166691468253968 0.8328339947089947 0.06317460317460317 0.04524801587301588
2 0.49214781746031744 0.8660615079365078 0.08263144841269841 0.09567791005291004
2 0.6268154761904763 0.9885284391534391 0.07270337301587301 0.022939814814814816
4 0.6045734126984127 0.605353835978836 0.01984126984126984 0.014775132275132274
4 0.03625 0.8011805555555556 0.0725 0.07094246031746032
2 0.38386656746031744 0.6947685185185185 0.06059771825396826 0.05243386243386244