4 0.4839600470035253 0.08237037037037036 0.021404230317273794 0.013675925925925925
4 0.24061692126909517 0.30767592592592596 0.018155111633372502 0.03060648148148148
4 0.27118683901292595 0.49390740740740735 0.030543478260869564 0.03841666666666667
4 0.33357226792009403 0.6876296296296296 0.04209753231492362 0.07293055555555555
4 0.38955346650998823 0.782050925925926 0.042497062279670976 0.09637037037037037
4 0.4932520564042303 0.8787499999999999 0.05403936545240893 0.050138888888888886
4 0.7196562867215042 0.7175833333333334 0.07960047003525264 0.04297685185185185
4 0.6884665099882491 0.586375 0.046142773207990595 0.05665277777777778
4 0.7969888366627497 0.3020925925925926 0.018983548766157463 0.019162037037037036
0 0.7597091656874266 0.33390740740740743 0.0339042303172738 0.022055555555555557
0 0.7495005875440659 0.3919398148148148 0.03000587544065805 0.039050925925925926
0 0.742273795534665 0.42791666666666667 0.03253231492361927 0.03724074074074074
0 0.6461545240893067 0.35903703703703704 0.020625734430082254 0.01952314814814815
0 0.855831374853114 0.2847361111111111 0.01965922444183314 0.0235
0 0.8276145710928319 0.27081481481481484 0.019206815511163336 0.01663425925925926
0 0.8828995299647473 0.23249074074074075 0.017817273795534664 0.029648148148148153
0 0.9041363102232667 0.23917592592592593 0.018072855464159814 0.028564814814814817
4 0.8708725029377202 0.13974537037037038 0.023125734430082256 0.015546296296296296
1 0.8441451233842537 0.21965277777777778 0.03621034077555817 0.027115740740740742
4 0.8581404230317274 0.3431296296296296 0.0274882491186839 0.048449074074074075
0 0.3476468860164513 0.12202777777777778 0.01554641598119859 0.01626851851851852
4 0.351430669800235 0.1639722222222222 0.012564629847238544 0.015546296296296296
1 0.23878965922444184 0.19741666666666668 0.048378378378378384 0.04989814814814815
1 0.2914394829612221 0.31131018518518516 0.058228554641598124 0.05134259259259259
0 0.42919800235017624 0.31528703703703703 0.03777908343125734 0.024587962962962964
0 0.42311985898942417 0.35650925925925925 0.03525851938895417 0.020972222222222222
4 0.37772032902467684 0.48856944444444445 0.0413219741480611 0.03928703703703704
4 0.3969447708578143 0.6292083333333333 0.0415834312573443 0.046393518518518514
4 0.4045005875440658 0.6501064814814815 0.03866333725029378 0.0430462962962963
2 0.31725910693302 0.49630555555555556 0.06413924794359577 0.04889814814814815
4 0.6890628672150412 0.520962962962963 0.027523501762632196 0.04889814814814815
2 0.6535311398354876 0.3374861111111111 0.039200940070505286 0.03887037037037037