2 0.3667881944444445 0.6001984126984127 0.11511904761904762 0.09259259259259259
3 0.2917683531746032 0.7614087301587301 0.15853670634920636 0.05787037037037037
4 0.7124404761904761 0.728614417989418 0.048623511904761905 0.05952380952380952
4 0.6215104166666666 0.9523809523809523 0.07509672619047619 0.09479828042328042
2 0.2739186507936508 0.6966501322751323 0.047899305555555556 0.0352744708994709
2 0.8074975198412698 0.8531746031746031 0.11142361111111111 0.10361441798941798
2 0.904828869047619 0.7269609788359788 0.19034474206349208 0.13337632275132275
2 0.8659375 0.6491402116402116 0.05393849206349206 0.031084656084656083
2 0.6722594246031747 0.6233465608465608 0.033648313492063486 0.016534391534391533
2 0.6392733134920635 0.7853835978835979 0.1016046626984127 0.10383597883597884
2 0.5467708333333333 0.7820767195767195 0.16163938492063493 0.19510582010582012
2 0.4775892857142857 0.7271825396825397 0.056014384920634916 0.07208994708994709
2 0.45427827380952385 0.8101851851851852 0.05701140873015873 0.042328042328042326
2 0.4351860119047619 0.8981481481481481 0.03469742063492064 0.023809523809523808
2 0.4185714285714286 0.8293650793650794 0.01734126984126984 0.041005291005291
4 0.5413194444444445 0.6435185185185185 0.09617311507936507 0.07275132275132275
2 0.7604166666666666 0.9495701058201058 0.01999751984126984 0.0600760582010582
2 0.7553323412698413 0.6848544973544973 0.0787624007936508 0.04828042328042328
2 0.07088045634920635 0.7349537037037037 0.08303323412698413 0.044642857142857144
2 0.13381696428571427 0.7237929894179894 0.04531746031746032 0.04712301587301587
2 0.22896577380952382 0.7093253968253969 0.04578125 0.034722222222222224
4 0.15674355158730158 0.6097056878306878 0.050146329365079366 0.032242063492063495
2 0.26461309523809523 0.47784391534391535 0.04266865079365079 0.06283068783068783
2 0.3935615079365079 0.31746031746031744 0.014107142857142858 0.021494708994708994
2 0.25872271825396825 0.8928571428571429 0.050729166666666665 0.056216931216931214
4 0.3622519841269841 0.8453207671957672 0.03333581349206349 0.0355489417989418
2 0.1400074404761905 0.8878968253968254 0.04147321428571429 0.08101851851851852
2 0.22371775793650792 0.8428406084656085 0.04024305555555555 0.019014550264550265
2 0.9731646825396826 0.7399140211640212 0.053670634920634924 0.039130291005291
2 0.9940401785714286 0.7740839947089947 0.011922123015873016 0.018187830687830687
2 0.8148412698412698 0.7638888888888888 0.018933531746031747 0.012126322751322752
2 0.793968253968254 0.785109126984127 0.02761904761904762 0.01488095238095238
2 0.03423859126984127 0.7049173280423281 0.06652529761904763 0.05291005291005291
2 0.22017857142857142 0.6732804232804233 0.0691468253968254 0.07407407407407407
2 0.6991046626984126 0.8118386243386243 0.05236607142857143 0.046957671957671955
4 0.7209226190476191 0.9189814814814815 0.08948412698412699 0.027777777777777776
2 0.7158407738095238 0.35119047619047616 0.03566964285714286 0.010582010582010581
2 0.44141121031746033 0.7554563492063492 0.028975694444444443 0.02414021164021164