4 0.47065241228070176 0.542328216374269 0.12431469298245613 0.05531798245614035
2 0.21952576754385966 0.553687865497076 0.06955592105263159 0.05828216374269006
2 0.5065762061403509 0.902547514619883 0.20653508771929827 0.19490497076023391
2 0.6680921052631579 0.9107931286549708 0.16982730263157894 0.16003289473684212
2 0.3265679824561403 0.8643640350877193 0.09397752192982456 0.0691483918128655
4 0.39175986842105265 0.5344261695906433 0.05692160087719298 0.03951388888888889
4 0.8958717105263158 0.4129203216374269 0.07532346491228069 0.03161184210526315
4 0.43250548245614034 0.7423684210526316 0.0406140350877193 0.0266703216374269
4 0.10507127192982456 0.5685051169590644 0.07328673245614035 0.05038011695906433
0 0.399172149122807 0.28252558479532164 0.021362390350877194 0.015804093567251463
3 0.5106578947368421 0.3358662280701754 0.0694873903508772 0.03161184210526315
3 0.9798547149122807 0.5220760233918129 0.04028782894736842 0.05235745614035088
1 0.9318366228070176 0.36550438596491225 0.06278782894736842 0.03951388888888889
2 0.5058991228070175 0.27927266081871344 0.04620339912280702 0.0275109649122807
2 0.4951151315789474 0.22696271929824563 0.029638157894736842 0.01875730994152047
2 0.2803453947368421 0.26072368421052633 0.05026864035087719 0.012920321637426901
2 0.23455043859649122 0.29552997076023396 0.05746710526315789 0.030844298245614035
2 0.316828399122807 0.6165021929824561 0.0522313596491228 0.05634137426900585
2 0.33154605263157894 0.48743055555555553 0.05465460526315789 0.0383296783625731
2 0.38193256578947365 0.6038048245614035 0.05775767543859649 0.07342470760233917
2 0.4105043859649123 0.5864875730994152 0.053248355263157895 0.03786915204678363
2 0.333796600877193 0.5874086257309942 0.06123081140350877 0.05449195906432749
2 0.29916666666666664 0.7617397660818713 0.05154331140350877 0.036483918128654966
2 0.5391584429824561 0.7215643274853801 0.06533717105263158 0.06141812865497076
2 0.4705866228070176 0.8095358187134503 0.09583059210526315 0.022167397660818714
2 0.5119736842105264 0.6772295321637427 0.05737938596491228 0.054031432748538014
2 0.037645285087719305 0.5817068713450292 0.015013706140350878 0.046754385964912284
2 0.5559018640350878 0.6692324561403509 0.04119791666666667 0.025222953216374272
2 0.19705866228070176 0.6179605263157895 0.039635416666666666 0.04723318713450292
2 0.13719572368421054 0.9321893274853801 0.17772752192982458 0.11764254385964912
2 0.26628015350877193 0.2316154970760234 0.016493969298245613 0.009075292397660818
4 0.3008717105263158 0.22199926900584796 0.011463815789473685 0.013611111111111112
2 0.20343475877192982 0.7173830409356725 0.06392269736842106 0.06274122807017543
4 0.698360745614035 0.7301973684210527 0.07975054824561403 0.10886695906432749
2 0.38996984649122807 0.8315058479532164 0.03366502192982456 0.0402046783625731