0 0.9269505208333333 0.3822962962962963 0.014807291666666667 0.020467592592592593
0 0.9440520833333333 0.36212500000000003 0.013786458333333333 0.02348148148148148
0 0.8223229166666666 0.3627268518518519 0.016184895833333334 0.02588888888888889
0 0.8045442708333332 0.4030648148148148 0.02059114583333333 0.02348148148148148
0 0.6987317708333334 0.32540277777777776 0.010796875000000001 0.02227314814814815
0 0.6884010416666667 0.4933703703703704 0.028744791666666665 0.028296296296296295
0 0.6547109375000001 0.48494444444444446 0.016223958333333333 0.03672222222222222
0 0.6384583333333332 0.4620648148148148 0.028419270833333333 0.01986574074074074
0 0.6327005208333334 0.5069166666666667 0.0297734375 0.024083333333333335
0 0.5829036458333333 0.5412314814814815 0.01686979166666667 0.03130555555555556
0 0.6101588541666667 0.5698287037037036 0.02871614583333333 0.03311111111111111
0 0.42528125 0.5174537037037037 0.01589322916666667 0.030703703703703702
0 0.5016380208333333 0.3633287037037037 0.018244791666666666 0.017458333333333333
4 0.6406354166666667 0.6968611111111112 0.03277083333333333 0.0499675925925926
4 0.5192421875000001 0.8025185185185185 0.03652604166666666 0.034916666666666665
4 0.516875 0.6926481481481481 0.02704427083333333 0.0499675925925926
4 0.616421875 0.663449074074074 0.05275520833333334 0.026490740740740742
4 0.5839166666666666 0.49637962962962967 0.029059895833333335 0.04033796296296296
4 0.5817161458333333 0.46025925925925926 0.03955729166666667 0.024685185185185185
2 0.42155468749999997 0.4762129629629629 0.045013020833333334 0.03853240740740741
2 0.6115130208333334 0.4334675925925926 0.04158333333333333 0.024083333333333335
1 0.6800833333333334 0.3955416666666667 0.0310703125 0.026490740740740742
1 0.5793463541666667 0.36694444444444446 0.0490390625 0.04394907407407408
4 0.5444713541666667 0.37175925925925923 0.025346354166666665 0.03551851851851852
4 0.5255078125 0.3756712962962963 0.017223958333333334 0.021671296296296296
4 0.41190625000000003 0.43437037037037035 0.012171875 0.03311111111111111
4 0.7347682291666667 0.2959027777777778 0.009046875000000001 0.01625462962962963
4 0.785390625 0.3049351851851852 0.010729166666666668 0.021069444444444443
4 0.43273177083333336 0.6038472222222222 0.017244791666666665 0.03010185185185185
4 0.5585234375 0.524375 0.018908854166666666 0.021671296296296296
1 0.8621015624999999 0.19566203703703702 0.022596354166666666 0.014449074074074074
1 0.2896354166666667 0.45484259259259263 0.06766927083333334 0.04274537037037037