4 0.23415624999999998 0.34700925925925924 0.014489583333333333 0.034416666666666665
2 0.17901562499999998 0.3476851851851852 0.026041666666666668 0.018212962962962966
2 0.16220572916666667 0.30127314814814815 0.018757812500000002 0.012518518518518517
1 0.2696354166666667 0.37987037037037036 0.02040364583333333 0.021152777777777777
4 0.27625520833333334 0.34917592592592595 0.014921875 0.008268518518518519
4 0.10963802083333334 0.5320231481481482 0.02657291666666667 0.07163888888888889
1 0.09134635416666666 0.47831018518518525 0.021117187500000002 0.02
1 0.224875 0.6945277777777779 0.0013203125 0.004958333333333334
1 0.23633593749999998 0.6777129629629629 0.0305859375 0.03868981481481481
3 0.28196614583333335 0.7261666666666666 0.025713541666666666 0.09160185185185186
4 0.2085 0.29797222222222225 0.023140625 0.014041666666666666
3 0.49119270833333334 0.3931481481481482 0.02282291666666667 0.02336111111111111
0 0.3503411458333333 0.3964259259259259 0.0108046875 0.011731481481481482
3 0.3588385416666667 0.47273611111111113 0.03858854166666667 0.011402777777777777
3 0.4003619791666667 0.5178472222222222 0.017249999999999998 0.01762962962962963
1 0.42658593749999996 0.5039212962962963 0.0363828125 0.02276388888888889
1 0.044601562500000004 0.9208888888888889 0.05616666666666667 0.09443981481481482