0 0.6800603070175439 0.6746673976608187 0.025391995614035087 0.05144005847953217
0 0.5557236842105263 0.6703143274853801 0.04026041666666667 0.03007309941520468
0 0.5266447368421052 0.6616118421052631 0.04738760964912281 0.04115131578947369
0 0.47768366228070175 0.5448793859649123 0.034936951754385964 0.021366959064327486
0 0.5272395833333333 0.49027046783625733 0.02839638157894737 0.022949561403508772
0 0.2658114035087719 0.7462902046783625 0.03261239035087719 0.06172880116959064
1 0.36610745614035084 0.5037244152046784 0.046831140350877196 0.03403143274853801
1 0.21120888157894738 0.45861476608187135 0.0587390350877193 0.04036184210526316
1 0.5539418859649122 0.464155701754386 0.0734950657894737 0.05144005847953217
1 0.8127001096491228 0.4637609649122807 0.044945175438596496 0.03640350877192982
4 0.642373903508772 0.43605994152046784 0.023621162280701755 0.03007309941520468
4 0.5969709429824561 0.5777229532163743 0.02897203947368421 0.03482090643274854
4 0.5094325657894737 0.7181944444444445 0.05332510964912281 0.06726973684210527
2 0.49934484649122807 0.46257309941520464 0.03433662280701755 0.045109649122807016