2 0.17953645833333332 0.505199074074074 0.0411015625 0.03656944444444444
0 0.21743489583333334 0.5058796296296296 0.023953125000000002 0.021671296296296296
0 0.34027083333333336 0.6453842592592592 0.0303984375 0.027087962962962963
0 0.4848177083333333 0.48624074074074075 0.026174479166666667 0.03656944444444444
0 0.5473255208333333 0.543462962962963 0.022432291666666666 0.025055555555555553
0 0.5764635416666667 0.45373148148148146 0.023567708333333333 0.03521296296296297
4 0.4964765625 0.5637777777777778 0.03882291666666667 0.022347222222222223
2 0.6362604166666667 0.6094907407407407 0.05021614583333334 0.05824074074074074
4 0.64140625 0.5827407407407408 0.0003203125 0.000675925925925926
4 0.5941770833333333 0.4733703703703704 0.017950520833333334 0.025736111111111112
1 0.7871119791666668 0.22280092592592593 0.057078125 0.02437962962962963
1 0.7873020833333333 0.443912037037037 0.042984375 0.030476851851851852
4 0.9436588541666667 0.5184074074074074 0.022000000000000002 0.023703703703703706
0 0.9503229166666666 0.3196435185185185 0.017807291666666666 0.02437962962962963