2 0.8961061507936507 0.6414318783068783 0.06962301587301588 0.05644510582010582
2 0.7431473214285714 0.4862037037037037 0.14086805555555557 0.12572089947089948
2 0.8751810515873016 0.37331349206349207 0.09608382936507937 0.03720238095238095
2 0.7188690476190476 0.374917328042328 0.0461235119047619 0.023733465608465606
2 0.7135689484126985 0.6539384920634921 0.11634920634920635 0.18665674603174603
4 0.6524900793650794 0.655542328042328 0.061542658730158725 0.09236772486772486
2 0.6912103174603175 0.8399537037037037 0.07354910714285715 0.06991732804232804
4 0.770094246031746 0.912116402116402 0.0350421626984127 0.11289351851851852
2 0.709967757936508 0.5166732804232804 0.05911458333333333 0.08017857142857143
2 0.7958258928571429 0.4297585978835979 0.03936011904761905 0.03463624338624338
2 0.6069816468253968 0.22738756613756614 0.06962053571428571 0.04425925925925926
2 0.2887599206349206 0.1731878306878307 0.13651289682539683 0.08082010582010582
2 0.039052579365079367 0.2828703703703704 0.07810763888888889 0.09108465608465609