2 0.7483010912698413 0.9254398148148149 0.04046626984126984 0.053250661375661375
2 0.40783978174603175 0.7510019841269842 0.08805307539682539 0.12302579365079364
2 0.3301959325396825 0.8361805555555556 0.05790674603174603 0.06235119047619048
2 0.9077554563492064 0.49820767195767196 0.10963293650793651 0.11099867724867726
2 0.8424255952380952 0.5362830687830688 0.07899801587301587 0.09594246031746032
2 0.9827752976190477 0.30223544973544975 0.034449404761904764 0.040873015873015874
2 0.7611210317460317 0.308260582010582 0.05966021825396826 0.046894841269841274
2 0.040218253968253966 0.924404761904762 0.06146577380952381 0.07082010582010582
2 0.45441964285714287 0.16515873015873017 0.029211309523809525 0.018994708994708995
4 0.9898040674603175 0.6571990740740741 0.02038938492063492 0.06595899470899472
2 0.592140376984127 0.6191732804232805 0.040806051587301585 0.054563492063492064