0 0.4509375 0.03628240740740741 0.0060260416666666665 0.01286574074074074
0 0.30579947916666667 0.16493981481481482 0.013359375 0.013893518518518519
4 0.4425442708333333 0.13457407407407407 0.018184895833333332 0.015953703703703703
4 0.34818489583333334 0.4816898148148148 0.034416666666666665 0.030879629629629632
4 0.3991276041666667 0.5841018518518519 0.0297734375 0.05043518518518519
4 0.4157734375 0.5799814814814814 0.03361979166666666 0.04322685185185186
4 0.34948697916666666 0.6520324074074074 0.03180989583333334 0.08131018518518518
4 0.43096614583333337 0.6993750000000001 0.030924479166666668 0.0720462962962963
4 0.6266276041666666 0.664125 0.05634895833333333 0.06741666666666667
4 0.6060755208333333 0.5573379629629629 0.05229947916666667 0.045287037037037035
0 0.3942057291666667 0.3414537037037037 0.02745833333333333 0.03139351851851852
0 0.4293723958333333 0.31649537037037034 0.03179166666666667 0.023671296296296298
0 0.8126276041666666 0.2516527777777778 0.024817708333333334 0.015439814814814816
0 0.7871588541666666 0.2513935185185185 0.0249609375 0.02624537037037037
0 0.7593697916666666 0.32575925925925925 0.022513020833333335 0.02573148148148148
0 0.6961276041666667 0.3743888888888889 0.014135416666666668 0.03036111111111111
0 0.7184140625000001 0.2717222222222222 0.0228125 0.026759259259259257
0 0.645328125 0.41556018518518517 0.022541666666666668 0.040657407407407406
0 0.660671875 0.4490092592592593 0.03187760416666666 0.032421296296296295
4 0.8009036458333333 0.16390740740740742 0.0193203125 0.016981481481481483
1 0.7603828125 0.2501064814814815 0.034380208333333336 0.026759259259259257
4 0.7082838541666666 0.30774537037037036 0.0205 0.02161574074074074
2 0.6142135416666666 0.35329166666666667 0.030942708333333332 0.04786111111111111
0 0.58946875 0.370787037037037 0.0103984375 0.023157407407407408
0 0.6868645833333333 0.4562175925925926 0.013559895833333334 0.02624537037037037
4 0.5943854166666667 0.514625 0.03297395833333334 0.037050925925925925
4 0.7690651041666666 0.39909259259259255 0.0488515625 0.03756944444444445
4 0.48697135416666665 0.8288055555555556 0.03756510416666667 0.055064814814814816
1 0.2920052083333333 0.31983796296296296 0.042481770833333335 0.041685185185185186
1 0.22630208333333332 0.24599074074074076 0.04481510416666667 0.04013888888888889
4 0.25307552083333335 0.3419675925925926 0.0369921875 0.025217592592592594
4 0.2566953125 0.5287777777777778 0.02628125 0.040657407407407406