2 0.460719246031746 0.7556216931216931 0.07924603174603174 0.05180886243386243
2 0.8219444444444445 0.7754629629629629 0.06922123015873016 0.05401124338624339
4 0.6421602182539683 0.7875892857142858 0.06018105158730159 0.036375661375661374
2 0.23134176587301586 0.8851421957671958 0.048727678571428575 0.03747685185185185
2 0.5313864087301587 0.621140873015873 0.1775892857142857 0.06944444444444445
2 0.6218973214285713 0.8873445767195767 0.2164136904761905 0.12566137566137567
2 0.8694618055555555 0.675704365079365 0.22874007936507937 0.07715939153439154
2 0.7929389880952381 0.7504927248677248 0.026686507936507935 0.024117063492063495
2 0.8278298611111111 0.7283432539682541 0.028444940476190474 0.020707671957671956
2 0.7965749007936508 0.6366633597883598 0.09481894841269842 0.03433531746031746
2 0.6646130952380952 0.735380291005291 0.06696428571428571 0.024322089947089946
2 0.4030580357142857 0.752906746031746 0.028861607142857144 0.05222222222222222
2 0.8239434523809523 0.8373181216931218 0.05942460317460317 0.04649801587301588