2 0.39844246031746033 0.3681216931216931 0.20715277777777777 0.1483068783068783
2 0.5470734126984127 0.29705687830687827 0.04227678571428572 0.050317460317460316
2 0.4951041666666667 0.23482142857142857 0.0813467261904762 0.04943452380952381
2 0.7652058531746032 0.4330059523809524 0.04950396825396825 0.04502314814814815
2 0.6430654761904763 0.43697751322751327 0.055493551587301584 0.04767195767195767
2 0.7321056547619047 0.718587962962963 0.06010664682539683 0.07062169312169313
2 0.9351612103174604 0.39998677248677245 0.12967757936507937 0.10881944444444444
2 0.8355406746031746 0.4360152116402116 0.09439980158730159 0.06323412698412699
2 0.8649479166666666 0.5301289682539683 0.06498511904761904 0.0534292328042328
2 0.23285714285714285 0.27525462962962965 0.025381944444444447 0.017668650793650792
2 0.13732142857142857 0.3768485449735449 0.022614087301587302 0.023713624338624336
2 0.16434275793650793 0.2187632275132275 0.032023809523809524 0.037662037037037036
2 0.18265873015873016 0.4683333333333333 0.018417658730158732 0.034173280423280425