2 0.3744292534722222 0.2536371527777778 0.04386284722222222 0.032378472222222225
2 0.4170225694444445 0.30664930555555553 0.068984375 0.05967881944444445
4 0.6041341145833333 0.2136400462962963 0.06703559027777778 0.036189236111111106
1 0.9131640624999999 0.07682002314814815 0.05655815972222222 0.030474537037037036
3 0.9724414062500001 0.12983506944444445 0.0551171875 0.032378472222222225
3 0.7636631944444444 0.4307696759259259 0.11277560763888889 0.04380787037037037
3 0.70962890625 0.1926880787037037 0.04184678819444445 0.051426504629629624
3 0.49962890625 0.12189814814814814 0.04182291666666667 0.06348958333333334
1 0.5484288194444444 0.31903067129629625 0.07180772569444444 0.06666377314814814
4 0.08561631944444444 0.20094039351851853 0.0661328125 0.07047164351851852
2 0.07371310763888889 0.2898263888888889 0.0632790798611111 0.09205729166666667
2 0.17155598958333332 0.22665509259259262 0.0370703125 0.06983796296296296
4 0.12108506944444446 0.6907552083333334 0.09326388888888888 0.1003125