0 0.31709375 0.48533796296296294 0.0293984375 0.029319444444444443
2 0.5843411458333333 0.5331805555555555 0.037333333333333336 0.04594907407407407
3 0.5161640625 0.49792592592592594 0.04804427083333333 0.022976851851851852
3 0.45511979166666666 0.5201064814814815 0.04895052083333333 0.037236111111111116
3 0.36110416666666667 0.493962962962963 0.0293671875 0.057833333333333334
3 0.39496875000000004 0.4606898148148148 0.02490364583333333 0.019805555555555555
3 0.5518125 0.693212962962963 0.028429687500000002 0.03010648148148148
3 0.6219921875 0.5581342592592592 0.02975 0.024560185185185185
1 0.44643229166666665 0.6028981481481481 0.042268229166666664 0.06337962962962963
1 0.29203645833333336 0.5961620370370371 0.040078125 0.041990740740740745
1 0.32813020833333334 0.5216898148148148 0.0436328125 0.03406481481481481
1 0.18354166666666666 0.5359537037037038 0.019158854166666666 0.024560185185185185
0 0.7839635416666667 0.5177314814814815 0.0141171875 0.019805555555555555
2 0.5134921875 0.3636388888888889 0.02130989583333333 0.017430555555555553
4 0.2416875 0.39255555555555555 0.022265625 0.015050925925925924
4 0.279421875 0.4043333333333333 0.022869791666666663 0.021555555555555557
4 0.3376927083333333 0.362787037037037 0.03458854166666667 0.021902777777777778
4 0.38471875 0.5161064814814814 0.03359895833333334 0.034416666666666665
2 0.2842135416666667 0.4300601851851852 0.0160234375 0.016689814814814814
4 0.20119270833333333 0.41215277777777776 0.024421875 0.014949074074074073