4 0.26440724206349203 0.47543650793650793 0.03474702380952381 0.0418287037037037
2 0.06919394841269841 0.6945072751322752 0.06184275793650793 0.029497354497354498
2 0.10490079365079365 0.7030324074074074 0.030372023809523807 0.01742063492063492
2 0.736202876984127 0.878478835978836 0.052633928571428575 0.02861772486772487
2 0.7147420634920635 0.9388260582010582 0.05170634920634921 0.03110780423280423
2 0.4772296626984127 0.7621362433862433 0.10768849206349206 0.05474867724867725
2 0.35732886904761907 0.7073875661375661 0.05359375 0.02986441798941799
1 0.3188392857142857 0.6859226190476191 0.01767857142857143 0.015552248677248678
3 0.6061656746031746 0.2298181216931217 0.018611111111111113 0.011898148148148147
2 0.24017113095238096 0.740787037037037 0.020481150793650794 0.012007275132275133
2 0.03685267857142857 0.8589285714285715 0.028782242063492062 0.027374338624338624