4 0.5077232142857143 0.6356613756613757 0.08403521825396824 0.04101190476190476
4 0.9518005952380952 0.8795667989417989 0.09640128968253968 0.0798611111111111
2 0.3118700396825397 0.8077976190476192 0.05170882936507937 0.06583333333333334
2 0.035354662698412705 0.8293816137566138 0.07070932539682541 0.08741732804232805
4 0.134625496031746 0.9221957671957671 0.09545386904761904 0.09605158730158729
2 0.4632093253968254 0.7112070105820106 0.08404513888888888 0.11223875661375662
2 0.6246875 0.7411640211640212 0.07539930555555556 0.07098544973544973
2 0.5344791666666666 0.7573875661375662 0.05766617063492063 0.03763558201058201
2 0.5571378968253968 0.7046329365079365 0.11623015873015873 0.06340939153439154
2 0.6211731150793651 0.9224140211640212 0.23660218253968254 0.15517195767195768
2 0.8423338293650794 0.9155654761904762 0.06042162698412699 0.07037037037037037
2 0.8923561507936508 0.8431779100529101 0.11538194444444445 0.06121031746031746
2 0.7062624007936508 0.6650496031746032 0.1951140873015873 0.12131944444444445
4 0.03078373015873016 0.6641137566137566 0.06054315476190476 0.07843584656084655
2 0.4536359126984127 0.8233035714285715 0.04835813492063492 0.04486111111111111
2 0.8951612103174603 0.8889484126984126 0.022827380952380953 0.021709656084656085
1 0.918702876984127 0.8048941798941799 0.010942460317460316 0.022589285714285715
2 0.970625 0.6803538359788359 0.02017113095238095 0.019361772486772486
4 0.8222271825396825 0.7859722222222223 0.023945932539682538 0.016428571428571428
2 0.9847792658730159 0.7556051587301587 0.030438988095238095 0.023177910052910054
4 0.5469097222222222 0.723369708994709 0.024632936507936506 0.013859126984126982
2 0.5176215277777778 0.7908234126984126 0.07891617063492064 0.04680224867724868
2 0.39001488095238096 0.6952050264550265 0.11341269841269841 0.12489748677248677
2 0.4705704365079365 0.599864417989418 0.06763392857142857 0.04925925925925926
2 0.6871378968253968 0.7697321428571429 0.1070436507936508 0.08262896825396826
2 0.8599603174603175 0.7717989417989418 0.2800793650793651 0.08739748677248678
4 0.8850074404761904 0.7928042328042328 0.05576884920634921 0.02636904761904762