4 0.20411458333333335 0.8546626984126984 0.4082316468253968 0.2906746031746032
2 0.5856423611111111 0.8798743386243385 0.12725198412698413 0.10866402116402117
2 0.5802529761904762 0.9512566137566137 0.3462524801587301 0.09749007936507936
2 0.8974503968253968 0.9617493386243386 0.07172123015873016 0.06565145502645503
2 0.8564236111111111 0.7361210317460318 0.04287202380952381 0.047539682539682535
2 0.568953373015873 0.46785714285714286 0.03728174603174603 0.0633862433862434
2 0.38390625 0.6995205026455026 0.046378968253968256 0.04527777777777777
2 0.13855406746031745 0.6233068783068784 0.12965277777777778 0.19318121693121693
2 0.02839781746031746 0.6614153439153438 0.05679811507936508 0.08527116402116403
4 0.7393055555555555 0.851875 0.05505952380952381 0.04796296296296296
2 0.4907142857142857 0.8513326719576719 0.040091765873015876 0.03324404761904762