4 0.010783730158730158 0.4837830687830688 0.02156498015873016 0.05458002645502646
2 0.03613343253968254 0.5386706349206349 0.07226934523809524 0.0874537037037037
2 0.3417782738095238 0.5346395502645502 0.04593253968253968 0.06202380952380952
2 0.13316964285714286 0.8090939153439153 0.0771453373015873 0.06264219576719576
2 0.2024751984126984 0.8053736772486771 0.05108134920634921 0.039074074074074074
4 0.22503224206349207 0.6748148148148149 0.04130952380952381 0.029771825396825397
2 0.1143328373015873 0.7526521164021164 0.06738095238095239 0.04527777777777777
2 0.4313095238095238 0.6822552910052909 0.11614335317460318 0.08807208994708994
2 0.343172123015873 0.7979298941798942 0.04593253968253968 0.04031415343915344
2 0.29480158730158734 0.8125066137566137 0.042222222222222223 0.035972222222222225
2 0.2096825396825397 0.752962962962963 0.08410218253968255 0.05085978835978836
2 0.293172123015873 0.7638161375661376 0.06966269841269841 0.07380621693121693
4 0.7892857142857143 0.8776289682539682 0.04967261904761905 0.07566798941798941
2 0.9490525793650794 0.811574074074074 0.059402281746031745 0.037833994708994706
2 0.7383556547619048 0.7594742063492064 0.031545138888888886 0.016746031746031745
2 0.7134672619047618 0.9250760582010581 0.11294642857142857 0.12218584656084656
2 0.7630109126984127 0.9610515873015872 0.04939236111111111 0.04527777777777777
2 0.5188169642857142 0.9238359788359788 0.060434027777777774 0.036593915343915345
2 0.47765625 0.9452347883597884 0.020907738095238094 0.047136243386243386
2 0.5448660714285715 0.8340873015873016 0.05298363095238095 0.08497354497354496
2 0.5088194444444444 0.8664649470899471 0.030203373015873017 0.022328042328042325
2 0.6950992063492063 0.8404166666666667 0.025974702380952383 0.01736772486772487
4 0.6009102182539682 0.7610251322751324 0.10367063492063493 0.06574404761904762
2 0.6160193452380952 0.8937566137566136 0.18134176587301587 0.20591600529100532
2 0.9004513888888889 0.9306580687830688 0.019878472222222224 0.01550595238095238
2 0.9220758928571429 0.9371726190476192 0.05847718253968254 0.057060185185185186
2 0.8746354166666667 0.9523677248677249 0.030582837301587302 0.014265873015873017
2 0.48204117063492063 0.4022222222222222 0.02037450396825397 0.022949735449735453
2 0.25994791666666667 0.9774867724867725 0.022752976190476188 0.03349206349206349
4 0.40482886904761906 0.9632208994708995 0.05016121031746032 0.037215608465608466
3 0.335984623015873 0.8751488095238095 0.1645957341269841 0.07814814814814815
2 0.8129563492063493 0.4660085978835979 0.03764632936507936 0.009136904761904761