2 0.8825620039682539 0.7881845238095238 0.11067708333333333 0.07803902116402117
2 0.8853125 0.9498677248677249 0.16575644841269843 0.10026455026455026
2 0.6416468253968254 0.6816104497354497 0.06961309523809524 0.03988095238095238
2 0.5874404761904761 0.695433201058201 0.0631671626984127 0.08656084656084656
2 0.6187078373015873 0.5578869047619047 0.0699578373015873 0.04985119047619048
4 0.590500992063492 0.40515873015873016 0.044813988095238094 0.02719246031746032
4 0.8418253968253968 0.2680654761904762 0.05529017857142857 0.04939814814814815
4 0.8860069444444445 0.44979828042328046 0.030811011904761907 0.029457671957671957
2 0.4260491071428571 0.7468716931216931 0.04764136904761905 0.04807208994708995
2 0.030672123015873017 0.6565509259259259 0.061344246031746034 0.03127314814814815
2 0.018640873015873013 0.7595304232804233 0.03728174603174603 0.06029100529100529
1 0.2548090277777778 0.8771494708994709 0.08815724206349206 0.03428902116402116
2 0.07683035714285713 0.21372023809523807 0.11318204365079365 0.022688492063492063