2 0.5187599206349206 0.5770039682539683 0.08988343253968255 0.05106812169312169
2 0.37204365079365076 0.7219642857142856 0.055600198412698414 0.09985449735449735
2 0.43668154761904765 0.8406547619047618 0.0653546626984127 0.057576058201058204
2 0.44644345238095234 0.9724537037037037 0.04472222222222222 0.055095899470899476
2 0.3416741071428572 0.8139351851851853 0.04245039682539682 0.025638227513227512
2 0.29664434523809524 0.8112433862433862 0.03052827380952381 0.032367724867724865
2 0.17666914682539683 0.8966203703703705 0.06677083333333333 0.04280092592592593
2 0.10312003968253967 0.7152050264550265 0.035786210317460314 0.043406084656084656
4 0.12391617063492064 0.6203273809523809 0.05415922619047619 0.07445767195767196
4 0.19744791666666667 0.7817691798941799 0.050200892857142854 0.04596230158730159
4 0.7351562500000001 0.746035052910053 0.03802331349206349 0.022936507936507936
2 0.8458035714285714 0.5960416666666667 0.10486111111111111 0.06251984126984127
2 0.6802083333333333 0.54551917989418 0.034208829365079366 0.03667989417989418
2 0.3847395833333333 0.5256812169312169 0.07519593253968254 0.05070767195767196
2 0.06534474206349207 0.8043518518518519 0.06503968253968254 0.0476223544973545
2 0.03734623015873016 0.8873214285714286 0.07469246031746032 0.07829695767195767
4 0.44708333333333333 0.8905390211640211 0.04604166666666666 0.018032407407407407
4 0.3363640873015873 0.9349768518518519 0.020706845238095236 0.026626984126984124