0 0.5701171875 0.7728194444444444 0.023627604166666667 0.044564814814814814
0 0.6057317708333334 0.5881157407407407 0.022302083333333333 0.03166203703703704
0 0.5247734375 0.13572222222222224 0.014447916666666666 0.010027777777777778
0 0.39179427083333335 0.7751805555555557 0.027966145833333334 0.046092592592592595
4 0.8317005208333333 0.7559305555555556 0.028643229166666666 0.04664351851851852
4 0.7721979166666666 0.6342083333333334 0.0299375 0.030712962962962966
4 0.8534557291666667 0.675162037037037 0.0145625 0.028439814814814814
0 0.26863020833333334 0.7013287037037037 0.0389609375 0.03981481481481482
4 0.24463541666666666 0.6967777777777777 0.04600520833333333 0.02161574074074074
2 0.31565624999999997 0.7565 0.048546874999999996 0.04550462962962963
1 0.4394609375 0.6973472222222222 0.0568359375 0.04550462962962963
1 0.419 0.4160740740740741 0.039135416666666666 0.045092592592592594
1 0.5046875 0.11993981481481482 0.03354947916666667 0.011726851851851851
4 0.45746875000000004 0.21575925925925926 0.009575520833333333 0.010925925925925926
2 0.6001276041666667 0.7771157407407407 0.03255989583333333 0.03148611111111111
4 0.9628854166666667 0.9853333333333334 0.03195833333333333 0.029328703703703704