4 0.4739401041666667 0.5068518518518518 0.03269791666666667 0.036847222222222226
4 0.46333854166666666 0.5355555555555556 0.0211328125 0.020564814814814817
4 0.4951458333333333 0.6336712962962963 0.024981770833333337 0.019708333333333335
4 0.41056510416666664 0.26435185185185184 0.014880208333333334 0.01113888888888889
0 0.4900859375 0.4490092592592593 0.0138984375 0.02227777777777778
0 0.33248958333333334 0.6602314814814815 0.023575520833333332 0.02485185185185185
4 0.35706770833333334 0.7227870370370371 0.04766666666666666 0.01799537037037037
4 0.6006927083333333 0.6773703703703703 0.0288125 0.02485185185185185
1 0.8956822916666667 0.2467824074074074 0.016294270833333332 0.020564814814814817
0 0.6744713541666666 0.19322685185185184 0.008635416666666666 0.009425925925925926
1 0.9511640625 0.14077777777777778 0.014403645833333334 0.01336111111111111
2 0.37976822916666664 0.39196296296296296 0.024143229166666665 0.014810185185185185