2 0.40756944444444443 0.47748015873015875 0.09031746031746032 0.11819775132275133
2 0.35446924603174607 0.37127314814814816 0.07340525793650794 0.05894510582010582
2 0.10785218253968254 0.5000099206349207 0.05442212301587302 0.039563492063492064
2 0.7118799603174604 0.9522453703703704 0.24424603174603174 0.09550595238095239
2 0.8957390873015872 0.9009887566137567 0.2085218253968254 0.1980191798941799
2 0.7042361111111111 0.3079927248677249 0.10010664682539683 0.04107142857142857
2 0.8478397817460317 0.4838822751322751 0.059102182539682545 0.020968915343915342
2 0.43458829365079366 0.3702843915343915 0.031912202380952374 0.03936838624338624
2 0.7702306547619048 0.37317460317460316 0.048864087301587304 0.020492724867724868
2 0.6839310515873016 0.35481150793650795 0.06713789682539682 0.039110449735449734
2 0.27382936507936506 0.4806448412698413 0.025689484126984127 0.024007936507936506
1 0.4466393849206349 0.5834193121693122 0.02910218253968254 0.01759589947089947