2 0.6296162280701755 0.597156432748538 0.04080592105263158 0.0666593567251462
4 0.37272752192982456 0.4133808479532164 0.06864035087719299 0.047218567251461986
4 0.30780975877192984 0.35135233918128655 0.08601151315789474 0.07499269005847954
2 0.3376644736842105 0.5573464912280702 0.07072916666666666 0.07591739766081872
2 0.28559210526315787 0.555032894736842 0.0860169956140351 0.07684210526315789
2 0.36161732456140355 0.4851315789473684 0.07975054824561403 0.05369883040935672
2 0.2047094298245614 0.5166118421052631 0.09228618421052633 0.061103801169590646
1 0.7341036184210527 0.2680263157894737 0.05119517543859649 0.04906798245614035
4 0.6910581140350878 0.17960891812865498 0.03870888157894737 0.0333296783625731
4 0.6986896929824562 0.8077814327485381 0.17201206140350878 0.1879422514619883
4 0.03534265350877193 0.5409356725146199 0.07068530701754386 0.08771929824561403
2 0.3871025219298246 0.6399488304093568 0.04509868421052632 0.03433845029239766
2 0.35270833333333335 0.8788998538011696 0.05674616228070175 0.036220760233918126
2 0.38639528508771925 0.2502412280701754 0.04086622807017544 0.03668859649122807
4 0.11039199561403508 0.4562609649122807 0.1159594298245614 0.05482456140350877
4 0.5489391447368421 0.6621600877192982 0.04824561403508772 0.0402046783625731