2 0.7727628968253969 0.7975595238095239 0.17470238095238094 0.15877645502645502
2 0.6816592261904761 0.9076223544973545 0.2341592261904762 0.18475198412698415
2 0.6403670634920635 0.7253637566137566 0.04830109126984127 0.07359788359788359
2 0.6310714285714286 0.7893055555555556 0.07109375 0.10450066137566137
2 0.5546329365079365 0.7701851851851852 0.1166765873015873 0.10248015873015873
2 0.46122271825396827 0.7798280423280423 0.06794890873015874 0.06642526455026455
1 0.29613839285714283 0.9236375661375661 0.0909375 0.12387566137566139
2 0.31413690476190476 0.9305687830687831 0.14623511904761904 0.138859126984127
2 0.3472792658730159 0.8335515873015873 0.05739087301587302 0.06335978835978835
2 0.38726934523809525 0.7212632275132275 0.06039930555555555 0.05573412698412698
2 0.2420262896825397 0.6599669312169312 0.04911706349206349 0.029947089947089948
2 0.2587326388888889 0.7378968253968254 0.01989831349206349 0.027496693121693123
4 0.22940972222222222 0.6859391534391535 0.052559523809523806 0.040634920634920635
4 0.23984126984126983 0.8712169312169312 0.12473710317460317 0.11739748677248676
2 0.15481646825396825 0.6874338624338625 0.06259672619047618 0.07409060846560847
2 0.07493551587301588 0.6553373015873016 0.14732638888888888 0.06785383597883597
2 0.9760391865079365 0.8846792328042328 0.04792162698412698 0.06785714285714285
2 0.9240352182539683 0.9750958994708995 0.07471230158730159 0.04980820105820106
2 0.8857242063492063 0.6602017195767196 0.027271825396825395 0.020353835978835978
2 0.52703125 0.37170965608465606 0.04124255952380952 0.03530753968253968
2 0.6470262896825397 0.4139583333333333 0.016183035714285716 0.014963624338624339
2 0.33454365079365084 0.39890211640211637 0.02359871031746032 0.017837301587301586