2 0.432718253968254 0.8093518518518519 0.04287450396825397 0.08997685185185185
2 0.6521651785714286 0.5894047619047619 0.06186755952380952 0.09906746031746032
2 0.6845362103174604 0.7498181216931217 0.08161954365079364 0.05816798941798942
2 0.5754885912698412 0.7343683862433863 0.1157390873015873 0.10542989417989418
2 0.6174107142857143 0.8007175925925926 0.04552579365079365 0.0745271164021164
2 0.5952604166666667 0.8679728835978836 0.05848462301587302 0.05634920634920635
2 0.45725198412698415 0.591220238095238 0.07012400793650794 0.07543650793650794
2 0.3655877976190476 0.525327380952381 0.06402777777777778 0.041808862433862434
2 0.381937003968254 0.43171296296296297 0.13217261904761904 0.05816798941798942
2 0.8651612103174603 0.6211309523809524 0.043814484126984125 0.05382936507936508
1 0.8786830357142857 0.5247089947089947 0.03166170634920635 0.011498015873015873
4 0.9063070436507936 0.6033630952380952 0.05633928571428572 0.049649470899470895
2 0.8963095238095238 0.7708597883597883 0.10689484126984126 0.09511574074074074
2 0.8097073412698412 0.693776455026455 0.05520089285714286 0.05591931216931217
2 0.8939608134920635 0.6812334656084656 0.08181547619047619 0.054874338624338624
2 0.9639136904761905 0.6752215608465608 0.0712078373015873 0.0553968253968254
2 0.9498065476190476 0.631061507936508 0.02027529761904762 0.03187830687830688
2 0.9484350198412699 0.5989186507936508 0.052011408730158734 0.0386739417989418
2 0.7246428571428571 0.6527480158730159 0.08810515873015873 0.08152777777777777
2 0.6374404761904762 0.6927314814814816 0.054025297619047626 0.03501653439153439
2 0.4973015873015873 0.6982175925925925 0.041850198412698415 0.04912698412698413
2 0.2678125 0.4382142857142857 0.08066468253968254 0.050694444444444445
2 0.5025992063492064 0.4099933862433862 0.02892857142857143 0.029788359788359788
2 0.07792410714285715 0.7855820105820106 0.1558482142857143 0.07637566137566137
2 0.9244742063492064 0.9623842592592593 0.15105406746031744 0.07523478835978836
2 0.720297619047619 0.9256845238095238 0.12051587301587302 0.1250165343915344
2 0.8835639880952382 0.5620138888888889 0.08817212301587302 0.06313161375661376
4 0.9596602182539682 0.7092261904761904 0.02585813492063492 0.02591600529100529