0 0.07059635416666667 0.5617453703703703 0.028924479166666666 0.031828703703703706
0 0.2115234375 0.6890648148148149 0.0334609375 0.04401851851851852
0 0.35759375000000004 0.5289027777777778 0.021619791666666666 0.032504629629629626
0 0.42063020833333337 0.4784490740740741 0.021223958333333334 0.03860185185185185
0 0.42044010416666666 0.5729212962962963 0.020841145833333335 0.03115277777777778
0 0.7857708333333334 0.35621296296296295 0.014778645833333333 0.028444444444444442
0 0.9546927083333333 0.1628703703703704 0.012833333333333334 0.020995370370370373
0 0.8314765625 0.006097222222222222 0.010958333333333332 0.010833333333333332
4 0.6657916666666667 0.09447222222222222 0.010997395833333333 0.01151388888888889
4 0.7566328124999999 0.5312731481481481 0.012880208333333334 0.02776388888888889
1 0.6358880208333333 0.26140277777777776 0.054046875 0.028444444444444442
1 0.6457942708333333 0.471337962962963 0.04033072916666667 0.03386111111111111
2 0.510734375 0.650125 0.045247395833333336 0.046050925925925926
4 0.4665520833333333 0.5116342592592593 0.01935677083333333 0.01963888888888889
4 0.38732812499999997 0.604412037037037 0.03613541666666666 0.023703703703703706
4 0.3890416666666667 0.5431250000000001 0.031182291666666664 0.027087962962962963
2 0.030044270833333334 0.5655370370370371 0.04614583333333333 0.055625