2 0.8687896825396826 0.9112103174603174 0.1272048611111111 0.12210648148148148
2 0.7954588293650794 0.9383895502645503 0.26147569444444446 0.1232175925925926
2 0.9197445436507936 0.47603174603174603 0.04044146825396826 0.06702050264550265
2 0.6767063492063492 0.647718253968254 0.040498511904761905 0.046822089947089945
2 0.47015625 0.4920998677248677 0.11077380952380952 0.18361772486772487
2 0.342437996031746 0.5237731481481481 0.13490079365079363 0.1019080687830688
2 0.24979662698412697 0.5380026455026455 0.16582837301587303 0.15240410052910053
2 0.11691964285714286 0.5526951058201058 0.13143601190476192 0.15607473544973546
2 0.25014632936507936 0.4388492063492063 0.06874999999999999 0.08997354497354497
2 0.11554563492063492 0.8014980158730158 0.08875 0.10466269841269842
4 0.47835813492063495 0.7818551587301588 0.4453000992063492 0.43628968253968253