4 0.6765546874999999 0.035055555555555555 0.018611979166666667 0.014449074074074074
1 0.713578125 0.04736574074074074 0.030041666666666668 0.020875
0 0.7361562500000001 0.06904166666666667 0.02040364583333333 0.019268518518518518
0 0.7494010416666667 0.09606944444444444 0.018593750000000003 0.028365740740740743
0 0.7739348958333333 0.11346296296296297 0.017083333333333332 0.017125
4 0.8108072916666667 0.11159259259259259 0.039049479166666665 0.0315787037037037
4 0.7772447916666666 0.207125 0.017684895833333332 0.020337962962962964
0 0.6956692708333333 0.3238009259259259 0.02071354166666667 0.02462037037037037
4 0.6184557291666667 0.492125 0.039093750000000003 0.04549074074074074
2 0.5853437499999999 0.41826851851851854 0.037296875 0.06047685185185185
0 0.48826562500000004 0.34494444444444444 0.024374999999999997 0.03906944444444444
4 0.8091536458333334 0.6063935185185185 0.030921874999999998 0.0867037037037037
4 0.7403697916666666 0.7426064814814815 0.03425 0.08724074074074074
4 0.5302578125 0.8756064814814815 0.049953125 0.04174537037037037
4 0.9595390625 0.5341388888888889 0.036054687499999995 0.06101388888888889
4 0.8976796875 0.5060416666666666 0.025533854166666665 0.052986111111111116
0 0.9122786458333334 0.34735185185185186 0.021617187500000003 0.04816666666666667
0 0.9724817708333333 0.2716203703703704 0.032440104166666664 0.03478703703703704
0 0.4241171875 0.3342407407407408 0.021919270833333334 0.04977314814814815
0 0.622046875 0.4589444444444445 0.028815104166666668 0.025152777777777777
2 0.3018828125 0.5135324074074075 0.0514140625 0.0444212962962963
4 0.27328645833333337 0.5362824074074074 0.05383072916666667 0.02462037037037037
1 0.18177604166666667 0.18518518518518517 0.07672916666666667 0.04709722222222222
4 0.14640885416666669 0.12791666666666668 0.031885416666666666 0.027828703703703703
1 0.16853385416666666 0.027828703703703703 0.03699739583333333 0.031041666666666665
0 0.28698697916666666 0.005888888888888889 0.016309895833333334 0.011773148148148147
4 0.44520052083333334 0.9326064814814815 0.058065104166666666 0.10543518518518519
4 0.6613333333333333 0.9787453703703705 0.051393229166666665 0.042509259259259254