2 0.2657291666666667 0.8258928571428571 0.16846230158730158 0.10747354497354497
2 0.6481770833333332 0.5066335978835979 0.08669394841269841 0.05784060846560846
2 0.6623735119047619 0.6266005291005291 0.07544394841269841 0.046415343915343917
2 0.6500545634920635 0.5626917989417989 0.09793898809523809 0.07711970899470899
2 0.8455233134920636 0.6133895502645503 0.12487351190476191 0.07711970899470899
2 0.7544841269841269 0.6462367724867725 0.04881200396825397 0.0914021164021164
3 0.7223511904761905 0.6083895502645502 0.026165674603174604 0.052840608465608466
4 0.893169642857143 0.2770601851851852 0.08931051587301587 0.04427248677248677
2 0.8757688492063492 0.24278439153439152 0.033090277777777774 0.0314186507936508
2 0.9245238095238095 0.4927116402116402 0.15095238095238095 0.11139550264550264
1 0.9820957341269841 0.7515641534391534 0.03580853174603175 0.0178505291005291
1 0.808296130952381 0.6390972222222222 0.029893353174603173 0.02427910052910053
2 0.6462003968253969 0.3718419312169312 0.1401140873015873 0.05023148148148148
2 0.725828373015873 0.3334722222222222 0.09095982142857142 0.034275793650793654
2 0.6794990079365079 0.4883300264550265 0.07528025793650793 0.0448776455026455
2 0.8226686507936508 0.3857473544973545 0.06562996031746032 0.030631613756613756
2 0.7946180555555555 0.4534226190476191 0.10463541666666666 0.0691005291005291
2 0.7374677579365079 0.5478108465608466 0.0684375 0.03276785714285715
2 0.7414756944444445 0.576306216931217 0.06683531746031747 0.04701719576719577
4 0.7043402777777777 0.5983895502645502 0.046961805555555555 0.042741402116402115
2 0.8183953373015873 0.5082738095238095 0.03785218253968254 0.024933862433862437
2 0.9717237103174603 0.36652116402116397 0.05655257936507937 0.04192791005291006
4 0.8981597222222223 0.3291600529100529 0.08347470238095238 0.022655423280423283
2 0.8364112103174602 0.32983465608465606 0.020753968253968257 0.021977513227513224
2 0.7620758928571428 0.2903075396825397 0.0630233134920635 0.020654761904761905
2 0.9765848214285715 0.44597883597883603 0.046827876984126986 0.05354828042328043
2 0.7589856150793651 0.3831051587301587 0.07321180555555555 0.03494708994708995
2 0.8219766865079365 0.5616170634920634 0.0580704365079365 0.036137566137566135
2 0.8778695436507937 0.42573082010582014 0.030957341269841267 0.00828042328042328
2 0.8106845238095237 0.3572222222222222 0.052425595238095236 0.024844576719576718
2 0.7547941468253968 0.3579728835978836 0.04566468253968254 0.024844576719576718
2 0.6593799603174603 0.4170734126984127 0.09423859126984127 0.036137566137566135