3 0.4265203373015873 0.27260582010582013 0.06049355158730159 0.029381613756613755
4 0.5171031746031746 0.6011210317460317 0.0996453373015873 0.06937499999999999
2 0.5327132936507937 0.3807506613756614 0.08189236111111112 0.07100859788359788
2 0.603110119047619 0.40319444444444447 0.07359126984126985 0.05549933862433863
2 0.691235119047619 0.872093253968254 0.10144097222222222 0.1085515873015873
2 0.7729439484126984 0.7782308201058201 0.1558953373015873 0.13793650793650794
2 0.9313616071428571 0.8043485449735449 0.13727678571428573 0.14609788359788362
4 0.9639880952380953 0.9360284391534393 0.07202380952380952 0.06362103174603174
1 0.8379092261904761 0.9542890211640211 0.11139880952380952 0.09142526455026456
2 0.7315327380952381 0.9791269841269842 0.08101190476190476 0.041746031746031746
4 0.7694419642857142 0.9303637566137566 0.03459821428571429 0.040089285714285716