2 0.24014843749999998 0.5581712962962964 0.028638020833333333 0.02573148148148148
1 0.2138515625 0.5688101851851852 0.030028645833333333 0.03810185185185185
4 0.27508072916666665 0.5069537037037037 0.0305703125 0.04008333333333333
3 0.3125130208333333 0.4876574074074074 0.0119140625 0.031175925925925926
3 0.38501302083333333 0.49260648148148145 0.029432291666666666 0.05294907407407408
3 0.39503125 0.542087962962963 0.031656250000000004 0.033152777777777774
2 0.313765625 0.6868287037037036 0.016645833333333335 0.03562962962962963
3 0.4490546875 0.3223842592592593 0.026135416666666668 0.01237037037037037
3 0.5509140625000001 0.4423796296296296 0.034460937500000004 0.02078240740740741
1 0.4383385416666667 0.3783009259259259 0.01973697916666667 0.017319444444444443
2 0.4977578125 0.4406481481481481 0.0328046875 0.020287037037037037
2 0.5300416666666666 0.42926851851851855 0.021106770833333333 0.019296296296296298