0 0.3218671875 0.4699074074074074 0.02852864583333333 0.032407407407407406
4 0.21772656250000003 0.3688935185185185 0.026257812499999998 0.01715740740740741
4 0.24401041666666667 0.3577592592592593 0.01845052083333333 0.016791666666666667
4 0.3143333333333333 0.3314722222222222 0.018229166666666668 0.024092592592592593
4 0.33250260416666666 0.3387777777777778 0.014734375 0.01752314814814815
2 0.21875520833333334 0.4853472222222222 0.029953125 0.02811111111111111
1 0.30047135416666665 0.5694953703703703 0.0397890625 0.029935185185185183
1 0.34153645833333335 0.5070694444444445 0.04101302083333334 0.04672685185185185
3 0.37572395833333333 0.48425 0.0251953125 0.06388425925925927
3 0.39296875 0.43752314814814813 0.027244791666666667 0.031027777777777776
1 0.4507864583333333 0.6072407407407407 0.042859375000000005 0.05655092592592593
3 0.4646692708333333 0.5179259259259259 0.0423515625 0.04308796296296296
3 0.5179296875 0.4869583333333333 0.050921875 0.026032407407407407
3 0.577 0.6817407407407408 0.030713541666666667 0.022439814814814815
4 0.49571875 0.35859722222222223 0.024674479166666666 0.02423611111111111
2 0.5888619791666667 0.5031157407407407 0.038283854166666666 0.04577777777777778
2 0.6221822916666666 0.5345324074074074 0.030197916666666665 0.026032407407407407