2 0.5587202380952382 0.908396164021164 0.11405257936507937 0.10594576719576719
2 0.5145833333333334 0.8495370370370371 0.06815724206349207 0.05572089947089947
2 0.6211086309523809 0.6297949735449735 0.037529761904761906 0.035314153439153444
2 0.4872172619047619 0.7624272486772486 0.07816964285714285 0.049441137566137563
2 0.41188492063492066 0.783614417989418 0.0970188492063492 0.05101190476190476
2 0.4065897817460317 0.7443749999999999 0.06994791666666667 0.029037698412698414
2 0.32890376984126984 0.7357440476190475 0.06055059523809524 0.019619708994708995
2 0.30506944444444445 0.7616402116402116 0.05290674603174603 0.019619708994708995
2 0.30300347222222224 0.8456150793650793 0.15589781746031747 0.1137962962962963
1 0.23650545634920636 0.7722354497354497 0.07940724206349206 0.07376984126984128
2 0.3000669642857143 0.6392129629629629 0.04407986111111111 0.019619708994708995
2 0.216202876984127 0.6341137566137566 0.0352703373015873 0.020403439153439153
2 0.07878720238095238 0.6356117724867725 0.035647321428571424 0.023111772486772486
4 0.753516865079365 0.7829927248677249 0.02117063492063492 0.016375661375661377