0 0.24375260416666666 0.4313287037037037 0.028544270833333333 0.032407407407407406
3 0.0361796875 0.6875 0.072359375 0.05401388888888889
1 0.2276953125 0.5540138888888889 0.032890625 0.046296296296296294
1 0.3248098958333333 0.5231481481481481 0.04154947916666667 0.027782407407407405
1 0.2794635416666667 0.6598055555555555 0.044768229166666666 0.06512499999999999
3 0.4187473958333333 0.6679444444444445 0.0312421875 0.026564814814814815
3 0.5030859375 0.5826851851851852 0.02833072916666667 0.02399074074074074
3 0.382359375 0.5162777777777778 0.0452265625 0.014564814814814815
3 0.42645833333333333 0.5072777777777778 0.014854166666666667 0.03941666666666667
2 0.46645833333333336 0.3997407407407408 0.026411458333333335 0.0214212962962963
3 0.2917552083333333 0.47000462962962963 0.026934895833333337 0.01799537037037037
2 0.3729635416666667 0.4978518518518518 0.022578125 0.02399074074074074
4 0.27512760416666665 0.41430555555555554 0.029348958333333335 0.01799537037037037
4 0.24380208333333334 0.39802314814814815 0.023572916666666666 0.0214212962962963
4 0.342359375 0.38902777777777775 0.017283854166666668 0.013708333333333333
4 0.3418776041666666 0.41173611111111114 0.020174479166666665 0.01628240740740741
0 0.372 0.39245370370370375 0.0148671875 0.015425925925925926
0 0.75228125 0.5535509259259259 0.014833333333333334 0.020564814814814817