4 0.8947899159663866 0.47556481481481483 0.020641456582633052 0.04615277777777778
4 0.8090112044817928 0.3894444444444445 0.02296358543417367 0.030925925925925926
4 0.6810616246498599 0.5588287037037036 0.04746218487394958 0.030925925925925926
4 0.493218487394958 0.12703703703703703 0.018957983193277312 0.01237037037037037
1 0.552515406162465 0.05114814814814815 0.03506162464985994 0.00999074074074074
1 0.4678879551820728 0.31807407407407406 0.042565826330532214 0.03473148148148148
0 0.5666190476190476 0.06732407407407406 0.015487394957983193 0.007138888888888889
0 0.6741288515406162 0.415375 0.02150420168067227 0.03140277777777778
0 0.6038963585434173 0.6273425925925926 0.023249299719887956 0.04519907407407407
0 0.46054901960784317 0.7077546296296297 0.02903921568627451 0.04805555555555555
0 0.3193333333333333 0.6627916666666667 0.03679271708683473 0.03711111111111111
4 0.8212689075630252 0.4309351851851852 0.014907563025210084 0.023967592592592592
1 0.4985406162464986 0.6022453703703703 0.04612885154061625 0.04526851851851852
2 0.35060224089635855 0.7087592592592593 0.05636694677871148 0.031064814814814812
2 0.6341288515406163 0.6910092592592593 0.039114845938375345 0.06834722222222223