3 0.23156994047619048 0.20235449735449734 0.046862599206349206 0.018581349206349206
4 0.2638566468253968 0.46384920634920634 0.05161210317460317 0.04577380952380952
2 0.28765625 0.5035019841269841 0.08297619047619048 0.07976190476190476
2 0.40931547619047615 0.7770072751322752 0.0787673611111111 0.06208664021164021
2 0.4693080357142857 0.7792724867724867 0.05413194444444444 0.03399140211640212
2 0.6056150793650794 0.7906051587301587 0.043774801587301584 0.03761574074074074
2 0.559563492063492 0.797853835978836 0.04276537698412699 0.03308201058201059
3 0.5954315476190477 0.8594907407407407 0.16217757936507937 0.09381283068783068
2 0.5136855158730158 0.9533035714285714 0.01558779761904762 0.038521825396825395
4 0.6610168650793651 0.9476355820105821 0.0534375 0.038974867724867725
2 0.7825942460317461 0.928098544973545 0.05548611111111111 0.03473875661375661
2 0.7420014880952381 0.9419940476190477 0.018588789682539682 0.04400132275132275
2 0.9175868055555556 0.8977017195767196 0.16482390873015873 0.20206349206349206
2 0.811468253968254 0.8450165343915343 0.04288690476190476 0.08163690476190476
4 0.872249503968254 0.7874074074074073 0.10452628968253969 0.0578968253968254
2 0.7762996031746031 0.8748313492063491 0.029871031746031746 0.022000661375661375
2 0.9777604166666667 0.8684656084656084 0.027217261904761904 0.01621031746031746
2 0.6931498015873017 0.6834821428571428 0.11455605158730159 0.07352843915343915
2 0.6113120039682539 0.5315013227513228 0.03685763888888889 0.05326719576719577
2 0.7513368055555555 0.40441468253968255 0.02336309523809524 0.02605489417989418
2 0.5123115079365079 0.7497751322751324 0.14368799603174603 0.06716269841269841
4 0.48735119047619047 0.6629265873015873 0.05121279761904762 0.0289484126984127