2 0.9738963293650794 0.5402777777777777 0.052209821428571425 0.05263888888888889
2 0.8258928571428571 0.5467228835978836 0.10346974206349206 0.07825066137566138
4 0.9281498015873016 0.44409391534391535 0.018506944444444444 0.024272486772486775
2 0.6165426587301588 0.5187863756613756 0.17094246031746033 0.1361904761904762
2 0.5948189484126984 0.7148280423280423 0.21497767857142855 0.26248015873015873
2 0.7149231150793651 0.8920701058201058 0.18156001984126982 0.21585978835978836
4 0.6828100198412699 0.7476587301587302 0.024603174603174603 0.03308531746031746
4 0.7851289682539683 0.6307705026455026 0.06706845238095238 0.05549933862433863
2 0.4299330357142857 0.605952380952381 0.11334077380952381 0.08298611111111111
2 0.49867063492063496 0.5933068783068783 0.07569196428571429 0.1060350529100529
2 0.4915401785714286 0.519755291005291 0.053878968253968255 0.07070436507936508
2 0.36099454365079364 0.665138888888889 0.0591889880952381 0.05339616402116402
2 0.2577455357142857 0.6249074074074075 0.05754712301587302 0.07142526455026456
2 0.26410218253968254 0.7596891534391536 0.04231646825396825 0.06569113756613756
2 0.27005456349206347 0.8748015873015873 0.13443948412698412 0.16496693121693123
1 0.2562549603174603 0.8658498677248677 0.07646825396825396 0.13028108465608468
4 0.14596478174603175 0.8466369047619048 0.12248015873015873 0.14353505291005292
2 0.1394469246031746 0.7014451058201059 0.025615079365079365 0.028277116402116404
2 0.09040426587301587 0.6268287037037037 0.0574280753968254 0.0373776455026455
2 0.01781746031746032 0.69875 0.03563492063492064 0.09392195767195767
4 0.08835565476190477 0.6672255291005291 0.05844246031746032 0.05325396825396825
2 0.22148313492063493 0.7326620370370371 0.03771825396825397 0.08668320105820106
4 0.13686755952380952 0.5841501322751322 0.018191964285714284 0.012199074074074074
2 0.2554637896825397 0.17905423280423283 0.051974206349206346 0.034761904761904765
4 0.3916815476190476 0.18727843915343917 0.02030753968253968 0.014957010582010582