2 0.26235615079365077 0.5735383597883599 0.11806051587301587 0.05178571428571428
4 0.1731299603174603 0.954100529100529 0.03732638888888889 0.03308531746031746
3 0.5129489087301587 0.83255291005291 0.06551587301587303 0.028905423280423278
3 0.543251488095238 0.8254133597883598 0.04366319444444445 0.031345899470899476
2 0.47768849206349207 0.8581514550264551 0.11932539682539682 0.05781415343915344
2 0.49179315476190477 0.8057341269841269 0.08484871031746032 0.045625
2 0.5260044642857142 0.940515873015873 0.11931547619047618 0.09925925925925927
2 0.5869915674603174 0.9069080687830687 0.06523809523809525 0.049454365079365084
1 0.456671626984127 0.8847949735449735 0.018308531746031743 0.026121031746031743
2 0.7680059523809524 0.9145701058201058 0.09396329365079366 0.05781415343915344
2 0.7027132936507937 0.8793948412698412 0.0433110119047619 0.02925595238095238
2 0.9708705357142857 0.7216269841269841 0.05825644841269841 0.054332010582010586
2 0.9290773809523809 0.7677744708994709 0.14184275793650794 0.03308531746031746
2 0.8459920634920635 0.7367757936507937 0.021121031746031745 0.010099206349206349
2 0.8792881944444444 0.7245866402116402 0.10129216269841271 0.05955357142857143
2 0.6009821428571428 0.8518816137566138 0.060305059523809525 0.0501521164021164
2 0.7121130952380952 0.7801355820105821 0.046438492063492064 0.0452744708994709
2 0.6695411706349207 0.7627215608465607 0.08092013888888888 0.0501521164021164
4 0.5219791666666667 0.7355588624338624 0.04387152777777777 0.027860449735449735
2 0.6227926587301587 0.8276752645502645 0.0569047619047619 0.04353505291005291
2 0.8251612103174604 0.9352447089947089 0.21976934523809524 0.12735449735449736
2 0.8663368055555556 0.8252546296296297 0.12093253968253968 0.08706349206349205
2 0.5704042658730158 0.7682076719576719 0.12845238095238093 0.05233796296296297
2 0.9773139880952382 0.9620701058201059 0.04537202380952381 0.07585648148148148
2 0.7650322420634921 0.8628439153439152 0.038072916666666665 0.03512896825396825