0 0.44746614583333333 0.521050925925926 0.0264921875 0.04570833333333334
0 0.7101041666666668 0.7724351851851852 0.04613802083333333 0.07312962962962963
0 0.7525208333333333 0.45934722222222224 0.028989583333333332 0.04113425925925926
0 0.8054661458333333 0.2125324074074074 0.019187500000000003 0.033518518518518524
4 0.8742291666666666 0.9772500000000001 0.065015625 0.0455
2 0.8812994791666667 0.6280787037037038 0.0594453125 0.06931944444444443
4 0.8031067708333333 0.5260046296296297 0.05046614583333333 0.035805555555555556
4 0.621875 0.5058148148148148 0.03765364583333333 0.033518518518518524
4 0.6452291666666666 0.5439027777777777 0.027903645833333334 0.044180555555555556
4 0.5475416666666667 0.3458425925925926 0.029531250000000002 0.025898148148148146
1 0.6390130208333333 0.1767314814814815 0.0650703125 0.03808796296296296
1 0.6818567708333333 0.5115277777777778 0.054778645833333334 0.040374999999999994
2 0.5014531249999999 0.6337962962962963 0.065046875 0.07008333333333333