4 0.1575234375 0.32552777777777775 0.0386015625 0.03815277777777778
3 0.18678125 0.41088888888888886 0.0560625 0.06161111111111111
3 0.20783593749999998 0.4540416666666667 0.0442265625 0.0654861111111111
3 0.3288671875 0.37075 0.026234374999999997 0.025972222222222223
3 0.32415625000000003 0.32180555555555557 0.03371875 0.03797222222222222
4 0.3422265625 0.7260000000000001 0.059390624999999996 0.07691666666666667
3 0.2587890625 0.6039305555555555 0.06400781250000001 0.06629166666666667
4 0.2774296875 0.646361111111111 0.0344609375 0.04583333333333333
4 0.0936875 0.737375 0.0606796875 0.075625
1 0.13973437500000002 0.6269027777777778 0.0336171875 0.06186111111111111
4 0.009710937499999999 0.47325 0.015875 0.03134722222222222
4 0.2593125 0.38255555555555554 0.035312500000000004 0.029611111111111112
4 0.3674921875 0.3822083333333333 0.0172421875 0.034666666666666665
4 0.354953125 0.4790833333333333 0.0112109375 0.019375
3 0.3639921875 0.4638611111111111 0.0333984375 0.028777777777777777
3 0.42229687499999996 0.44756944444444446 0.031625 0.06776388888888889
3 0.44163281249999997 0.4717361111111111 0.0332265625 0.07706944444444444
4 0.46578125000000004 0.35997222222222225 0.015125 0.025166666666666667
3 0.5198984375 0.4618472222222222 0.0281328125 0.07030555555555555
4 0.4995859375 0.42745833333333333 0.0188984375 0.028375
4 0.442375 0.6224305555555555 0.0244140625 0.042902777777777776
4 0.4468515625 0.5891527777777777 0.020499999999999997 0.024347222222222225
3 0.478453125 0.6534166666666666 0.03325 0.09684722222222222
3 0.54915625 0.5923888888888889 0.02178125 0.06090277777777778
3 0.5313984375 0.5137777777777778 0.040828125 0.07259722222222223
1 0.665203125 0.46197222222222223 0.049328125 0.04583333333333333
1 0.6975234375 0.4714722222222222 0.026140625 0.016680555555555556
1 0.637703125 0.495 0.0231015625 0.043055555555555555
4 0.59521875 0.5289583333333334 0.0361640625 0.06613888888888889
4 0.5618359374999999 0.39808333333333334 0.0174765625 0.028583333333333332
1 0.5742890625 0.39899999999999997 0.016679687500000002 0.03126388888888889
3 0.6233046875 0.550375 0.02090625 0.08511111111111111
4 0.766390625 0.43690277777777775 0.026992187499999997 0.024055555555555556
4 0.7606328125 0.46216666666666667 0.017359375 0.028944444444444443
1 0.8120859375 0.45840277777777777 0.0764296875 0.07434722222222222
3 0.8640546875 0.40026388888888886 0.033187499999999995 0.05702777777777778
4 0.8318515625 0.5453055555555556 0.025773437500000003 0.04527777777777778
4 0.8159140624999999 0.5014444444444445 0.0465078125 0.050597222222222224
3 0.87215625 0.46863888888888894 0.063171875 0.04830555555555556
3 0.972421875 0.49526388888888884 0.05515625 0.036250000000000004
3 0.9377968750000001 0.4556527777777778 0.06543750000000001 0.05486111111111111
4 0.8914843749999999 0.42558333333333337 0.036703124999999996 0.04373611111111111
4 0.9599765625 0.4240138888888889 0.02275 0.03501388888888889
4 0.9963749999999999 0.46823611111111113 0.0072421874999999995 0.018805555555555555